"Stop","Daily On","Daily Off","Daily Load","AM Peak On","AM Peak Off","AM Peak Load","Midday On","Midday Off","Midday Load","School  On","School Off","School Load","PM Peak On","PM Peak Off","PM Peak Load","Evening On","Evening Off","Evening Load","Owl On","Owl Off","Owl Load"
"J-line to Embarcadero",,,,,,,,,,,,,,,,,,,,,
"Green Division Yard Outbound","934","13","938","175","0","177","281","0","281","202","0","202","207","0","207","59","0","59","10","13","12"
"San Jose Ave&Ocean Ave SE-NS/SI","234","6","1166","46","0","223","46","3","324","62","1","263","57","2","262","9","0","68","14","0","26"
"San Jose Ave&Santa Ynez Ave S-NS/SI","148","43","1271","63","0","286","46","6","364","18","7","274","11","25","248","3","5","66","7","0","33"
"San Jose Ave&Santa Rosa Ave E-FS","206","46","1431","86","3","369","53","9","408","33","14","293","24","14","258","9","5","70","1","1","33"
"Glen Park Station E-NS/SI","95","98","1428","21","55","335","17","14","411","24","14","303","17","11","264","11","3","78","5","1","37"
"San Jose Ave&Randall St S-NS/SI","163","65","1526","52","15","372","35","18","428","27","11","319","21","13","272","12","7","83","16","1","52"
"30th St&Dolores St NE-NS/BZ","182","104","1604","58","26","404","38","30","436","27","25","321","36","13","295","18","6","95","5","4","53"
"Church St&30th St **","405","41","1968","183","10","577","92","9","519","54","7","368","48","12","331","13","3","105","15","0","68"
"Church St&29th St SE-NS/SI","372","34","2306","101","4","674","107","6","620","46","4","410","47","15","363","40","5","140","31","0","99"
"Church St&27th St SE-NS","405","36","2675","148","7","815","122","5","737","48","12","446","46","8","401","25","4","161","16","0","115"
"Church St&Clipper St SE-NS","225","34","2866","80","8","887","78","5","810","26","11","461","22","9","414","16","1","176","3","0","118"
"Church St&24th St SE-NS/SI","799","168","3497","173","42","1018","225","50","985","152","36","577","122","23","513","99","11","264","28","6","140"
"Church St&22nd St SE-NS","201","59","3639","72","14","1076","46","10","1021","42","16","603","25","9","529","13","9","268","3","1","142"
"Right Of Way&21st St SE-NS","121","33","3727","46","0","1122","38","8","1051","20","8","615","9","14","524","4","3","269","4","0","146"
"Right Of Way&Liberty St SE-NS","57","15","3769","23","0","1145","19","5","1065","7","7","615","4","1","527","1","2","268","3","0","149"
"Right Of Way&20th St NE-NS","210","101","3878","86","5","1226","62","50","1077","17","17","615","31","20","538","6","7","267","8","2","155"
"Right Of Way&18th St SE-NS","480","250","4108","80","99","1207","150","57","1170","146","31","730","59","33","564","29","20","276","16","10","161"
"Church St&16th St SE-NS/SI","283","272","4119","64","74","1197","84","67","1187","55","54","731","64","50","578","13","20","269","3","7","157"
"Church St&Market St SE-NS/SI","325","443","4001","117","60","1254","90","115","1162","35","74","692","46","108","516","24","66","227","13","20","150"
"Duboce Ave&Church St SW-NS/SI","726","586","4141","287","98","1443","183","124","1221","87","185","594","114","93","537","29","65","191","26","21","155"
"Tunnel Entry Point Near Church","2","1","4142","0","0","1443","2","1","1222","0","0","594","0","0","537","0","0","191","0","0","155"
"VANNESS STATION INBOUND","903","502","4543","200","122","1521","230","145","1307","105","107","592","280","78","739","42","32","201","46","18","183"
"Civic Center Station Inbound","509","727","4325","84","146","1459","173","177","1303","75","131","536","146","191","694","19","57","163","12","25","170"
"Powell Station Inbound","356","1253","3428","73","222","1310","91","436","958","50","201","385","123","260","557","13","89","87","6","45","131"
"Montgomery Station Inbound","189","1524","2093","48","594","764","37","446","549","22","174","233","70","223","404","6","39","54","6","48","89"
"Embarcadero Station ARR","65","2009","149","54","718","100","0","538","11","0","233","0","0","404","0","0","54","0","11","62","38"
"The Embarcadero&Folsom St S","4","20","119","4","9","93",,,,,,,,,,,,,"0","11","26"
"The Embarcadero&Brannan St S","3","4","118","2","4","91",,,,,,,,,,,,,"1","0","27"
"King St&2nd St S-FS/SI","1","36","83","1","26","66",,,,,,,,,,,,,"0","10","17"
"King St&4th St S-FS/SI","1","83","1","0","66","0",,,,,,,,,,,,,"1","17","1"
"King St&6th St **","0","0","1","0","0","0",,,,,,,,,,,,,"0","0","1"
"Total Passenger Boardings ","8604","8606",,"2427","2427",,"2345","2334",,"1380","1380",,"1629","1629",,"513","513",,"310","323",
"Subject to disclaimer at www.sfmta.com/tepdata",,,,,,,,,,,,,,,,,,,,,
"Stop","Daily On","Daily Off","Daily Load","AM Peak On","AM Peak Off","AM Peak Load","Midday On","Midday Off","Midday Load","School  On","School Off","School Load","PM Peak On","PM Peak Off","PM Peak Load","Evening On","Evening Off","Evening Load","Owl On","Owl Off","Owl Load"
"J-line to Balboa Park",,,,,,,,,,,,,,,,,,,,,
"EMBARCADERO STATION OB","1674","0","1678","162","0","162","343","0","344","233","0","233","707","0","707","202","0","203","27","0","29"
"Montgomery Station Outbound","1267","123","2822","49","36","175","230","35","539","158","11","380","604","40","1271","187","1","389","39","0","68"
"Powell Station Outbound","1551","335","4038","107","19","263","348","144","743","240","52","568","509","101","1679","265","17","637","82","2","148"
"Civic Center Station Outbound","829","416","4451","162","35","390","183","154","772","98","71","595","264","112","1831","89","35","691","33","9","172"
"VANNESS STATION OB","570","674","4347","43","112","321","143","194","721","94","94","595","204","178","1857","71","63","699","15","33","154"
"Duboce Ave&Church St NW-FS/SI","42","27","4362","6","2","325","4","7","718","0","0","595","14","8","1863","13","4","708","5","6","153"
"Church St&14th St NW-NS/SI","847","972","4237","82","31","376","176","152","742","107","146","556","267","449","1681","158","143","723","57","51","159"
"Church St&16th St NW-NS/SI","311","326","4222","32","56","352","60","61","741","82","50","588","98","94","1685","35","55","703","4","10","153"
"Church St&18th St NW-NS/SI","335","467","4090","24","90","286","91","105","727","68","45","611","111","156","1640","39","51","691","2","20","135"
"Right Of Way&20th St NW-NS","68","311","3847","5","5","286","26","50","703","11","44","578","23","143","1520","1","65","627","2","4","133"
"Right Of Way&Liberty St NW-NS","13","109","3751","5","10","281","2","25","680","1","12","567","4","44","1480","1","18","610","0","0","133"
"Right Of Way&21st St NW-NS","10","155","3606","1","9","273","5","17","668","2","19","550","2","73","1409","0","35","575","0","2","131"
"Right Of Way&22nd St NW-NS","27","211","3422","0","25","248","4","39","633","11","15","546","8","73","1344","4","51","528","0","8","123"
"Church St&24th St NW-NS/SI","177","1060","2539","13","54","207","37","199","471","48","165","429","50","430","964","17","179","366","12","33","102"
"Church St&Clipper St NW-NS","41","263","2317","22","12","217","7","32","446","4","43","390","7","128","843","0","36","330","1","12","91"
"Church St&27th St NW-NS","56","386","1987","12","19","210","14","52","408","1","42","349","23","180","686","3","81","252","3","12","82"
"Church St&Day St SW-FS/SI","44","305","1726","10","15","205","10","33","385","9","57","301","13","149","550","2","36","218","0","15","67"
"Church St&30th St NE-FS","32","255","1503","11","20","196","6","35","356","0","25","276","10","95","465","4","63","159","1","17","51"
"30th St&Dolores St SW-NS/BZ","56","224","1335","10","14","192","24","70","310","8","41","243","11","68","408","2","27","134","1","4","48"
"San Jose Ave&Randall St W-FS/SI","48","178","1205","18","11","199","15","30","295","3","35","211","8","80","336","4","21","117","0","1","47"
"Glen Park Station W-FS/SI","12","139","1078","0","24","175","6","20","281","0","18","193","5","42","299","1","28","90","0","7","40"
"San Jose Ave&Santa Rosa Ave N-NS/SI","32","153","957","11","10","176","15","34","262","2","42","153","4","45","258","0","19","71","0","3","37"
"San Jose Ave&Santa Ynez Ave N-NS/SI","39","135","861","18","18","176","16","40","238","0","22","131","3","48","213","1","5","67","1","2","36"
"San Jose Ave&Ocean Ave NW-NS/SI","7","169","699","1","30","147","1","56","183","0","29","102","5","37","181","0","14","53","0","3","33"
"San Jose Ave&Geneva Ave **-NS/FL","3","59","643","0","7","140","0","20","163","0","16","86","0","10","171","1","1","53","2","5","30"
"Green Division Yard Outbound","0","625","18","0","140","0","0","162","1","0","86","0","0","157","14","0","52","1","0","28","2"
"Total Passenger Boardings ","8091","8077",,"804","804",,"1766","1766",,"1180","1180",,"2954","2940",,"1100","1100",,"287","287",
"Subject to disclaimer at www.sfmta.com/tepdata",,,,,,,,,,,,,,,,,,,,,
