"Stop","Daily On","Daily Off","Daily Load","AM Peak On","AM Peak Off","AM Peak Load","Midday On","Midday Off","Midday Load","School  On","School Off","School Load","PM Peak On","PM Peak Off","PM Peak Load","Evening On","Evening Off","Evening Load","Owl On","Owl Off","Owl Load"
"K/T-line to Bay Shore & Sunnydale",,,,,,,,,,,,,,,,,,,,,
"METRO TERMINAL-NS/SI","817","0","828","245","0","246","187","0","189","124","0","125","225","0","231","36","0","37","0","0","0"
"City College Pedestrian Bridge N-MB","484","54","1258","21","8","259","201","21","369","113","10","228","126","15","342","23","0","60","0","0","0"
"Ocean Ave&Lee St NE-NS/SI","899","47","2110","187","18","428","360","7","722","191","8","411","127","13","456","27","1","86","7","0","7"
"Ocean Ave&Miramar Ave NE-NS/SI","337","101","2346","130","6","552","112","28","806","31","17","425","36","44","448","12","6","92","16","0","23"
"Ocean Ave&Dorado Ter NE-NS/SI","552","246","2652","154","57","649","181","63","924","91","35","481","94","80","462","21","11","102","11","0","34"
"Ocean Ave&Fairfield Way NW-FS/SI","273","139","2786","99","41","707","83","47","960","35","14","502","41","32","471","9","5","106","6","0","40"
"Ocean Ave&Westgate Dr E-NS/SI","97","50","2833","51","19","739","21","10","971","14","10","506","7","10","468","0","1","105","4","0","44"
"Ocean Ave&Aptos Ave E-NS/SI","137","194","2776","38","127","650","21","32","960","57","14","549","15","20","463","4","1","108","2","0","46"
"Ocean Ave&San Leandro Way E-NS/SI","49","107","2718","19","43","626","11","13","958","9","41","517","8","10","461","1","0","109","1","0","47"
"Junipero Serra Blvd&Ocean Ave NE-FS","202","233","2687","96","48","674","36","82","912","28","58","487","33","39","455","6","4","111","3","2","48"
"Saint Francis Circle-NS","251","150","2788","96","22","748","74","47","939","31","45","473","26","30","451","6","5","112","18","1","65"
"West Portal Ave&14th Ave S-NS/SI","133","121","2800","49","19","778","44","51","932","18","30","461","15","14","452","4","6","110","3","1","67"
"West Portal Ave&Ulloa St","37","11","2826","24","4","798","11","6","937","0","0","461","1","1","452","0","0","110","1","0","68"
"West Portal Station E-FS","876","433","3269","308","98","1008","232","134","1035","157","103","515","107","81","478","47","15","142","25","2","91"
"Forest Hill Station Inbound","509","180","3598","213","26","1195","130","52","1113","56","43","528","64","44","498","23","13","152","23","2","112"
"Castro Station Inbound","1188","227","4559","453","30","1618","355","79","1389","83","41","570","170","60","608","80","16","216","47","1","158"
"Church St Station Intbound","680","315","4924","175","36","1757","227","117","1499","61","63","568","133","64","677","62","31","247","22","4","176"
"Van Ness Station Inbound","855","674","5105","182","216","1723","263","202","1560","141","73","636","206","117","766","46","56","237","17","10","183"
"Civic Center Station Inbound","717","799","5023","115","182","1656","264","230","1594","103","118","621","184","182","768","33","66","204","18","21","180"
"Powell Station Inbound","968","1360","4631","128","296","1488","279","530","1343","166","190","597","280","243","805","93","67","230","22","34","168"
"Montgomery Station Inbound","787","1489","3929","143","607","1024","174","509","1008","103","140","560","303","146","962","44","34","240","20","53","135"
"Embarcadero Station ARR","1489","1191","4227","348","465","907","290","328","970","182","121","621","552","182","1332","54","35","259","63","60","138"
"Embarcadero&Folsom St","354","247","4335","46","102","851","82","72","980","52","25","648","139","40","1431","24","3","280","11","5","145"
"Embarcadero&Brannan St","53","250","4138","16","29","838","22","72","930","3","40","611","8","86","1353","0","21","259","4","2","147"
"King St&2nd St S-FS/SI","104","630","3612","21","164","695","23","159","794","17","55","573","27","215","1165","11","18","252","5","19","133"
"4th Street & King Street","898","900","3610","224","118","801","223","140","877","160","138","595","204","441","928","47","45","254","40","18","155"
"Third Street&Mission Rock St SW/FS","25","93","3542","0","15","786","6","15","868","11","20","586","5","23","910","0","7","247","3","13","145"
"Third Street&Gene Friend Wy SW/FS","47","308","3281","6","110","682","13","67","814","11","40","557","13","57","866","3","23","227","1","11","135"
"Third Street&Mariposa St SW/FS SI","93","145","3229","13","26","669","24","30","808","30","15","572","22","57","831","3","10","220","1","7","129"
"Third Street&20th St SW/FS SI","389","373","3245","62","114","617","100","85","823","90","49","613","94","94","831","23","14","229","20","17","132"
"Third Street&23rd St SW/FS SI","124","251","3118","23","92","548","35","49","809","33","25","621","24","58","797","3","13","219","6","14","124"
"Third Street&Marin St NW/NS SI","108","192","3034","8","84","472","27","46","790","42","19","644","25","13","809","6","7","218","0","23","101"
"Third Street&Evans Ave SW/FS SI","279","308","3005","64","76","460","91","88","793","57","48","653","42","69","782","16","7","227","9","20","90"
"Third Street&Hudson/Innes Ave","175","261","2919","50","38","472","46","59","780","30","57","626","27","76","733","10","23","214","12","8","94"
"Third Street&Kirkwood/La Salle","205","330","2794","76","27","521","46","82","744","32","70","588","25","93","665","6","54","166","20","4","110"
"Third Street&Oakdale/Palou","455","675","2574","146","83","584","121","211","654","70","156","502","66","162","569","15","49","132","37","14","133"
"Third Street&Revere/Shafter","187","439","2322","65","53","596","39","119","574","33","93","442","28","136","461","18","23","127","4","15","122"
"Third Street&Williams Ave SW/FS SI","248","524","2046","64","132","528","57","124","507","50","113","379","54","89","426","13","27","113","10","39","93"
"Third Street&Carrol Ave SW/FS SI","30","162","1914","3","65","466","11","51","467","5","18","366","9","11","424","0","1","112","2","16","79"
"Third Street&Paul Ave SW/FS SI","114","642","1386","45","160","351","22","144","345","18","140","244","19","153","290","5","27","90","5","18","66"
"Third Street&Le Conte Ave","88","260","1214","30","54","327","31","49","327","13","52","205","11","79","222","1","19","72","2","7","61"
"Bayshore&Arleta/Blanken","18","738","494","10","221","116","3","193","137","2","123","84","3","126","99","0","38","34","0","37","24"
"Bay Shore Blvd&Sunnydale Ave","0","435","59","0","107","9","0","127","10","0","66","18","0","86","13","0","25","9","0","24","0"
"Total Passenger Boardings ","16331","16284",,"4246","4238",,"4578","4570",,"2553","2536",,"3598","3591",,"835","827",,"521","522",
"Subject to disclaimer at www.sfmta.com/tepdata"
,,,,,,,,,,,,,,,,,,,,,
,,,,,,,,,,,,,,,,,,,,,
"Stop","Daily On","Daily Off","Daily Load","AM Peak On","AM Peak Off","AM Peak Load","Midday On","Midday Off","Midday Load","School  On","School Off","School Load","PM Peak On","PM Peak Off","PM Peak Load","Evening On","Evening Off","Evening Load","Owl On","Owl Off","Owl Load"
"K/T-line to Balboa Park",,,,,,,,,,,,,,,,,,,,,
"Bay Shore Blvd&Sunnydale Ave","333","0","340","99","0","101","99","0","99","36","0","36","70","0","72","16","0","19","13","0","13"
"Bayshore&Arleta/Blanken","662","5","997","195","2","294","176","1","274","101","0","137","164","2","234","10","0","29","16","0","29"
"Third Street&Le Conte Ave","202","112","1087","83","20","357","53","38","289","25","16","146","25","31","228","8","6","31","8","1","36"
"Third Street&Gilman Ave NE/FS SI","720","99","1708","191","38","510","181","21","449","136","14","268","167","24","371","27","2","56","18","0","54"
"Third Street&Carroll Ave NE/FS SI","190","62","1836","41","25","526","76","22","503","25","6","287","41","6","406","7","0","63","0","3","51"
"Third Street&Van Dyke Ave NE/FS SI","530","183","2183","181","31","676","143","40","606","69","37","319","104","58","452","19","13","69","14","4","61"
"Third Street&Revere/Shafter","378","174","2387","138","23","791","115","50","671","54","43","330","52","50","454","11","8","72","8","0","69"
"Third Street&Oakdale/Palou","655","447","2595","237","104","924","224","123","772","61","83","308","88","117","425","18","16","74","27","4","92"
"Third Street&Kirkwood/La Salle","354","139","2810","132","15","1041","100","34","838","28","30","306","51","50","426","10","10","74","33","0","125"
"Third Street&Hudson/Innes Ave","289","133","2966","110","24","1127","82","35","885","38","31","313","40","33","433","14","8","80","5","2","128"
"Third Street&Evans Ave NE/FS SI","588","476","6044","70","81","1116","87","71","901","61","32","342","63","43","453","11","8","83","2","3","127"
"Third Street&Marin St SE/NS SI","340","200","6184","30","54","1092","42","20","923","41","8","375","52","6","499","2","1","84","3","11","119"
"Third Street&23rd St NE/FS SI","598","334","6448","74","74","1092","77","49","951","55","21","409","75","17","557","14","4","94","4","2","121"
"Third Street&Evans Ave NE/FS SI","0","0","0",,,,,,,,,,,,,,,,,,
"Third Street&Marin St SE/NS SI","0","0","0",,,,,,,,,,,,,,,,,,
"Third Street&23rd St NE/FS SI","0","0","0",,,,,,,,,,,,,,,,,,
"Third Street&20th St NE/FS SI","349","430","3143","95","167","1020","84","138","897","69","47","431","87","60","584","10","8","96","4","10","115"
"Third Street&Mariposa St NE/FS SI","185","50","3278","79","30","1069","54","7","944","19","5","445","23","3","604","8","2","102","2","3","114"
"Third Street&Gene Friend Wy NE/FS","311","40","3549","63","24","1108","65","2","1007","60","4","501","111","6","709","12","2","112","0","2","112"
"Third Street&Mission Rock St NE/FS","65","27","3587","7","3","1112","8","8","1007","17","6","512","28","8","729","4","2","114","1","0","113"
"King St&6th St **","0","0","0","0","0","0",,,,,,,,,,,,,"0","0","0"
"King St&4th St W-NS/SI","0","0","0","0","0","0",,,,,,,,,,,,,"0","0","0"
"4th Street & King Street","599","828","3358","217","278","1051","163","265","905","67","104","475","128","146","711","18","16","116","6","19","100"
"King St&2nd St W-NS/SI","454","97","3715","76","30","1097","112","26","991","82","17","540","157","20","848","25","0","141","2","4","98"
"Embarcadero&Brannan St","242","46","3911","64","15","1146","89","11","1069","33","4","569","44","14","878","7","2","146","5","0","103"
"Embarcadero&Folsom St","248","249","3910","25","106","1065","79","62","1086","44","30","583","88","39","927","12","6","152","0","6","97"
"Tunnel Entry Point Inbound Nea","0","1","3909","0","0","1065","0","0","1086","0","0","583","0","1","926","0","0","152","0","0","97"
"EMBARCADERO STATION OB","1136","1163","3882","157","344","878","251","275","1062","152","183","552","486","285","1127","71","42","181","19","34","82"
"Montgomery Station Outbound","1039","693","4228","79","222","735","237","211","1088","162","101","613","476","116","1487","79","23","237","6","20","68"
"Powell Station Outbound","1435","856","4807","143","121","757","506","345","1249","232","138","707","413","200","1700","131","36","332","10","16","62"
"Civic Center Station Outbound","824","736","4895","227","208","776","233","287","1195","108","81","734","194","118","1776","46","34","344","16","8","70"
"Van Ness Station OB","635","662","4868","104","185","695","206","198","1203","127","80","781","162","152","1786","30","31","343","6","16","60"
"Church St Station Outbound","380","697","4551","96","69","722","119","155","1167","44","98","727","94","296","1584","22","71","294","5","8","57"
"Castro Station Outbound","309","1198","3662","83","86","719","78","269","976","36","184","579","95","542","1137","12","109","197","5","8","54"
"Forest Hill Station Outbound","217","513","3366","55","80","694","75","117","934","45","77","547","33","196","974","8","31","174","1","12","43"
"West Portal Station N-NS","687","940","3113","165","132","727","216","234","916","150","175","522","133","328","779","11","66","119","12","5","50"
"West Portal Ave&Ulloa St","21","34","3100","3","4","726","5","2","919","3","0","525","4","20","763","6","8","117","0","0","50"
"West Portal Ave&14th Ave N-NS/SI","128","161","3067","22","20","728","37","57","899","39","24","540","26","51","738","3","7","113","1","2","49"
"Saint Francis Circle NW-NS/SI","145","251","2961","34","48","714","41","54","886","34","46","528","31","86","683","2","13","102","3","4","48"
"Junipero Serra Blvd&Ocean Ave NW-NS","175","244","2892","46","57","703","56","60","882","45","42","531","20","71","632","4","9","97","4","5","47"
"Ocean Ave&San Leandro Way W-NS/SI","65","69","2888","15","13","705","28","23","887","16","16","531","6","13","625","0","4","93","0","0","47"
"Ocean Ave&Aptos Ave W-NS/SI","130","124","2894","20","50","675","12","27","872","87","19","599","11","20","616","0","4","89","0","4","43"
"Ocean Ave&Cerritos Ave W-NS/SI","35","92","2837","11","9","677","10","27","855","10","20","589","3","33","586","0","1","88","1","2","42"
"Ocean Ave&Victoria St SW-NS/SI","155","262","2730","65","38","704","34","65","824","45","71","563","7","70","523","1","14","75","3","4","41"
"Ocean Ave&Jules Ave SW-NS/SI","299","496","2533","122","99","727","67","132","759","61","100","524","35","149","409","3","14","64","11","2","50"
"Ocean Ave&Miramar Ave SW-NS/SI","126","364","2295","45","30","742","38","123","674","22","101","445","16","91","334","3","15","52","2","4","48"
"Ocean Ave&Lee St SW-NS/SI","118","1057","1356","48","324","466","37","337","374","14","227","232","11","144","201","1","17","36","7","8","47"
"City College Pedestrian Bridge SW","64","325","1095","3","121","348","44","111","307","9","40","201","6","43","164","2","3","35","0","7","40"
"METRO TERMINAL-NS/SI","0","1069","26","0","345","3","0","298","9","0","198","3","0","154","10","0","34","1","0","40","0"
"Total Passenger Boardings ","16415","16138",,"3750","3749",,"4439","4430",,"2562","2559",,"3920","3912",,"698","700",,"283","283",
"Subject to disclaimer at www.sfmta.com/tepdata"
,,,,,,,,,,,,,,,,,,,,,
