,,,,,,,,,,,,,,,,,,,,,,"Passenger Activity Report"
,"SF MTA",,,,,,,,,,,,,,,,,,,,,"Weekday"
,"N - Judah - Two Cars",,,,,,,,,,,,,,,,,,,,,"Inbound"
,,,,,,,,,,,,,,,,,,,,,,,,,,,,,,,,,,,,,,,,,,,,,,,,,
,,"Daily Total",,,"AM Peak",,,"Midday",,,"School",,,"PM Peak",,,"Evening",,,"Night",,
,"Stop","On","Off","Load","On","Off","Load","On","Off","Load","On","Off","Load","On","Off","Load","On","Off","Load","On","Off","Load"
,"Judah St&La Playa St SE-FS","1640","1","1829","352","0","434","550","0","639","274","0","280","254","0","254","121","1","127","89","0","95"
,"Judah St&46th Ave SW-NS/SI","752","13","2568","232","2","664","226","1","864","54","2","332","125","5","374","61","0","188","54","3","146"
,"Judah St&43rd Ave SW-NS/SI","531","43","3056","212","11","865","169","18","1015","48","5","375","56","7","423","32","2","218","14","0","160"
,"Judah St&40th Ave SE-FS/SI","505","47","3514","197","5","1057","180","15","1180","47","5","417","42","15","450","21","5","234","18","2","176"
,"Judah St&Sunset Blvd SW-NS/SI","472","97","3889","164","31","1190","129","17","1292","59","13","463","68","26","492","33","6","261","19","4","191"
,"Judah St&34th Ave SW-NS/SI","375","32","4232","161","5","1346","110","9","1393","29","5","487","47","8","531","9","5","265","19","0","210"
,"Judah St&31st Ave SE-FS/SI","493","68","4657","209","5","1550","120","26","1487","59","16","530","66","16","581","22","5","282","17","0","227"
,"Judah St&28th Ave SW-NS/SI","469","43","5083","207","6","1751","140","12","1615","40","7","563","44","13","612","27","4","305","11","1","237"
,"Judah St&25th Ave SW-NS/SI","655","142","5596","205","27","1929","231","45","1801","67","27","603","112","38","686","26","5","326","14","0","251"
,"Judah St&22nd Ave SE-FS/SI","620","152","6064","211","18","2122","212","80","1933","55","23","635","69","24","731","49","6","369","24","1","274"
,"Judah St&19th Ave SW-NS/SI","1063","372","6755","270","121","2271","326","104","2155","94","50","679","188","56","863","135","26","478","50","15","309"
,"Judah St&15th Ave SW-NS/SI","449","65","7139","194","13","2452","104","23","2236","31","3","707","73","22","914","26","3","501","21","1","329"
,"Judah St&Funston Ave SW-NS","245","57","7327","125","17","2560","47","18","2265","18","8","717","37","9","942","9","4","506","9","1","337"
,"Judah St&12th Ave SW-NS/SI","173","70","7430","90","17","2633","37","25","2277","15","5","727","22","18","946","3","5","504","6","0","343"
,"Judah St&9th Ave SW-NS/SI","535","552","7413","221","137","2717","120","135","2262","37","86","678","77","105","918","41","70","475","39","19","363"
,"9th Ave&Irving St SE-NS","916","255","8074","188","34","2871","253","98","2417","159","30","807","183","52","1049","94","34","535","39","7","395"
,"Irving St&7th Ave SW-NS","651","146","8579","172","59","2984","172","36","2553","93","16","884","95","24","1120","90","8","617","29","3","421"
,"Irving St&4th Ave SW-NS","425","75","8929","132","17","3099","72","23","2602","41","10","915","145","17","1248","32","6","643","3","2","422"
,"Irving St&Arguello Blvd SW-NS","1455","579","9805","174","293","2980","278","179","2701","302","42","1175","495","23","1720","159","18","784","47","24","445"
,"Carl St&Hillway Ave SE-FS/FL","231","50","9986","67","7","3040","58","13","2746","15","8","1182","61","8","1773","6","5","785","24","9","460"
,"Carl St&Stanyan St SW-NS","568","157","10397","248","25","3263","125","45","2826","43","16","1209","105","47","1831","32","19","798","15","5","470"
,"Carl St&Cole St SW-NS","1776","304","11869","608","48","3823","392","68","3150","197","50","1356","344","79","2096","159","44","913","76","15","531"
,"Sunset Tunnel East Portal SE-FS/SI","544","412","12001","197","64","3956","118","87","3181","86","62","1380","119","108","2107","18","71","860","6","20","517"
,"Church St&Duboce Ave SE-NS/SI","0","0","12001","0","0","3956","0","0","3181","0","0","1380","0","0","2107","0","0","860","0","0","517"
,"Duboce Ave&Church St SW-NS/SI","1119","1547","11573","327","222","4061","371","405","3147","109","188","1301","216","413","1910","61","224","697","35","95","457"
,"Tunnel Entry Point Near Church","28","29","11571","21","9","4073","0","0","3147","3","6","1298","0","13","1897","0","0","696","4","1","460"
,"VANNESS STATION INBOUND","1174","1202","11543","206","348","3931","325","350","3122","183","156","1325","368","205","2060","46","93","649","46","50","456"
,"Civic Center Station Inbound","794","2048","10289","141","508","3564","248","528","2842","145","291","1179","184","513","1731","51","156","544","25","52","429"
,"Powell Station Inbound","839","2768","8360","138","680","3022","267","921","2188","112","351","940","220","524","1427","80","206","418","22","86","365"
,"Montgomery Station Inbound","626","2994","5992","121","1395","1748","118","770","1536","99","302","737","239","334","1332","39","73","384","10","120","255"
,"Embarcadero Station ARR","1727","2790","4929","380","1100","1028","275","723","1088","229","304","662","688","433","1587","116","96","404","39","134","160"
,"The Embarcadero&Folsom St S","390","588","4731","107","247","888","42","136","994","59","55","666","151","93","1645","14","40","378","17","17","160"
,"The Embarcadero&Brannan St S","58","506","4283","22","61","849","10","126","878","1","69","598","14","156","1503","6","83","301","5","11","154"
,"King St&2nd St S-FS/SI","32","1368","2947","8","430","427","3","263","618","11","121","488","4","431","1076","3","86","218","3","37","120"
,"King St&4th St S-FS/SI","0","2908","39","0","422","5","0","594","24","0","488","0","0","1067","9","0","217","1","0","120","0"
,"King St&6th St **","0","12","27","0","5","0","0","3","21","0","0","0","0","4","5","0","0","1","0","0","0"
,"Total Passenger Boardings ","22330","22492",,"6307","6389",,"5828","5896",,"2814","2820",,"4911","4906",,"1621","1626",,"849","855",
,"Passenger Miles ","66702.7797",,,"21165.2999",,,"18223.0999",,,"7730.87",,,"12231.2899",,,"4483.4325",,,"2868.7925",,
,"Average Passenger Trip Length ","2.98713746977161",,,"3.35584269858887",,,"3.12681878860673",,,"2.74728855721393",,,"2.49059049073508",,,"2.76584207279457",,,"3.37902237926973",,
,
,"Stop selected in Loading Analysis Report"
,,,,,,,,,,,,,,,,,,,
,,,,,,,,,,,,,,,,,,,,,,"Passenger Activity Report"
,"SF MTA",,,,,,,,,,,,,,,,,,,,,"Weekday"
,"N - Judah - Two Cars",,,,,,,,,,,,,,,,,,,,,"Outbound"
,,,,,,,,,,,,,,,,,,,,,,,,,,,,,,,,,,,,,,,,,,,,,,,,,
,,"Daily Total",,,"AM Peak",,,"Midday",,,"School",,,"PM Peak",,,"Evening",,,"Night",,
,"Stop","On","Off","Load","On","Off","Load","On","Off","Load","On","Off","Load","On","Off","Load","On","Off","Load","On","Off","Load"
,"King St&6th St **","139","0","141","3","0","5","38","0","38","29","0","29","22","0","22","33","0","33","14","0","14"
,"King St&4th St","2159","0","2300","518","0","523","461","0","499","251","0","280","612","0","634","246","0","279","71","0","85"
,"King St&2nd St W-NS/SI","1302","17","3585","68","2","589","187","6","680","180","6","454","427","3","1058","402","0","681","38","0","123"
,"Embarcadero&Brannan St","482","68","3999","93","4","678","146","11","815","63","13","504","109","23","1144","54","15","720","17","2","138"
,"The Embarcadero&Folsom St S-NS","572","226","4345","27","69","636","121","61","875","94","21","577","263","43","1364","59","28","751","8","4","142"
,"Tunnel Entry Point Inbound Nea","16","5","4356","0","0","636","0","0","875","9","4","582","4","1","1367","3","0","754","0","0","142"
,"EMBARCADERO STATION OB","3367","1409","6314","491","284","843","486","282","1079","389","195","776","1478","373","2472","416","256","914","107","19","230"
,"Montgomery Station Outbound","2916","541","8689","174","133","884","386","181","1284","375","67","1084","1402","96","3778","473","51","1336","106","13","323"
,"Powell Station Outbound","3444","762","11371","242","48","1078","717","297","1704","591","117","1558","1080","198","4660","692","84","1944","122","18","427"
,"Civic Center Station Outbound","1858","741","12488","434","119","1393","419","199","1924","265","88","1735","476","166","4970","185","144","1985","79","25","481"
,"VANNESS STATION OB","1298","956","12830","156","205","1344","297","246","1975","261","90","1906","357","248","5079","180","134","2031","47","33","495"
,"Duboce Ave&Church St NW-FS/SI","1470","1355","12945","219","84","1479","288","194","2069","250","183","1973","341","615","4805","234","186","2079","138","93","540"
,"Sunset Tunnel East Portal NE-NS/SI","429","769","12605","93","65","1507","71","109","2031","81","122","1932","110","331","4584","56","113","2022","18","29","529"
,"Carl St&Cole St NE-NS","354","2009","10950","23","88","1442","62","254","1839","78","305","1705","99","919","3764","77","387","1712","15","56","488"
,"Carl St&Stanyan St NE-NS","121","587","10484","16","20","1438","23","96","1766","14","118","1601","46","232","3578","19","113","1618","3","8","483"
,"Carl St&Hillway Ave NE-MB","92","375","10201","11","78","1371","24","120","1670","43","51","1593","9","90","3497","5","27","1596","0","9","474"
,"Irving St&02nd Ave NE-NS","427","1614","9014","26","749","648","99","345","1424","85","142","1536","150","222","3425","55","82","1569","12","74","412"
,"Irving St&4th Ave NE-NS","70","332","8752","9","38","619","8","46","1386","11","60","1487","31","107","3349","9","63","1515","2","18","396"
,"Irving St&7th Ave NE-NS","97","525","8324","9","31","597","12","85","1313","32","86","1433","32","217","3164","12","93","1434","0","13","383"
,"Irving St&9th Ave NE-NS","390","1050","7664","31","107","521","102","184","1231","74","211","1296","101","359","2906","73","161","1346","9","28","364"
,"Judah St&9th Ave NW-FS/SI","631","671","7624","110","32","599","138","97","1272","112","109","1299","180","260","2826","73","125","1294","18","48","334"
,"Judah St&12th Ave NE-NS/SI","69","219","7474","11","12","598","11","32","1251","13","42","1270","14","86","2754","13","44","1263","7","3","338"
,"Judah St&Funston Ave NE-NS","56","214","7316","4","12","590","20","21","1250","16","34","1252","15","108","2661","1","35","1229","0","4","334"
,"Judah St&16th Ave N-MI/SI","47","407","6956","8","21","577","13","93","1170","11","51","1212","8","167","2502","3","66","1166","4","9","329"
,"Judah St&19th Ave NE-NS/SI","339","1362","5933","42","149","470","64","214","1020","113","242","1083","87","440","2149","25","247","944","8","70","267"
,"Judah St&23rd Ave NE-NS/SI","201","766","5368","8","68","410","80","176","924","56","137","1002","46","270","1925","9","86","867","2","29","240"
,"Judah St&25th Ave NE-NS/SI","194","517","5045","18","43","385","71","115","880","50","102","950","45","166","1804","10","71","806","0","20","220"
,"Judah St&28th Ave NE-NS/SI","69","490","4624","11","32","364","15","60","835","16","126","840","18","185","1637","8","71","743","1","16","205"
,"Judah St&31st Ave NE-NS/SI","70","598","4096","7","35","336","27","108","754","20","154","706","12","197","1452","3","88","658","1","16","190"
,"Judah St&34th Ave NE-NS/SI","21","391","3726","3","20","319","5","59","700","8","85","629","3","151","1304","2","68","592","0","8","182"
,"Judah St&Sunset Blvd NE-NS/SI","143","594","3275","13","48","284","12","91","621","26","110","545","84","230","1158","5","100","497","3","15","170"
,"Judah St&40th Ave NE-NS/SI","29","563","2741","1","24","261","10","93","538","8","132","421","6","217","947","3","75","425","1","22","149"
,"Judah St&43rd Ave NE-NS/SI","29","529","2241","5","27","239","7","96","449","6","92","335","10","224","733","0","75","350","1","15","135"
,"Judah St&46th Ave NE-NS/SI","18","1067","1192","0","77","162","4","182","271","1","173","163","8","413","328","5","174","181","0","48","87"
,"Judah St&La Playa St NE-NS","3","490","705","0","39","123","0","113","158","0","79","84","3","167","164","0","72","109","0","20","67"
,"Judah St&La Playa St NW-FS","0","664","41","0","87","36","0","158","0","0","82","2","0","164","0","0","107","2","0","66","1"
,"Total Passenger Boardings ","22922","22883",,"2884","2850",,"4424","4424",,"3631","3629",,"7688","7688",,"3443","3441",,"852","851",
,"Passenger Miles ","67817.27",,,"7503.79",,,"11187.79",,,"10141.345",,,"25210.31",,,"10981.62",,,"2792.4225",,
,"Average Passenger Trip Length ","2.95861050519152",,,"2.60186893203884",,,"2.5288856238698",,,"2.79298815753236",,,"3.27917663891779",,,"3.18954981121115",,,"3.2774882629108",,
,
,"Stop selected in Loading Analysis Report"
,,,,,,,,,,,,,,,,,,,
