"Stop","Daily On","Daily Off","Daily Load","AM Peak On","AM Peak Off","AM Peak Load","Midday On","Midday Off","Midday Load","School  On","School Off","School Load","PM Peak On","PM Peak Off","PM Peak Load","Evening On","Evening Off","Evening Load","Owl On","Owl Off","Owl Load"
"47-Van Ness to Caltrain Weekday",,,,,,,,,,,,,,,,,,,,,
"Powell St&Beach St SE-NS/BZ","508","0","513","45","0","46","139","0","141","85","0","86","146","0","147","66","0","66","27","0","27"
"North Point St&Mason St NW-FS/BZ","535","0","1048","58","0","104","170","0","311","97","0","183","136","0","283","52","0","118","22","0","49"
"North Point St&Jones St NW-FS/BZ","196","3","1241","19","0","123","45","2","354","31","0","214","64","1","346","21","0","139","16","0","65"
"North Point St&Hyde St NE-NS/BZ","95","15","1321","7","0","130","19","4","369","15","4","225","44","7","383","6","0","145","4","0","69"
"North Point St&Larkin St NE-NS/BZ","45","18","1348","2","0","132","7","6","370","17","6","236","15","6","392","3","0","148","1","0","70"
"North Point St&Polk St NW-FS/BZ","108","39","1417","11","3","140","21","22","369","25","7","254","35","6","421","10","1","157","6","0","76"
"Van Ness Ave&North Point St SW-FS","220","55","1582","30","4","166","54","21","402","56","12","298","52","17","456","13","1","169","15","0","91"
"Van Ness Ave&Chestnut St NW-NS/BZ","413","108","1887","78","18","226","127","32","497","82","17","363","78","22","512","20","17","172","28","2","117"
"Van Ness Ave&Greenwich St SW-FS","64","30","1921","14","0","240","27","10","514","11","4","370","6","10","508","2","4","170","4","2","119"
"Van Ness Ave&Union St NW-NS/BZ","341","55","2207","78","5","313","93","14","593","43","10","403","74","20","562","28","3","195","25","3","141"
"Van Ness Ave&Vallejo St SW-FS/BZ","177","47","2337","51","2","362","59","11","641","22","10","415","28","16","574","10","6","199","7","2","146"
"Van Ness Ave&Pacific Ave NW-NS/BZ","171","66","2442","56","9","409","48","20","669","21","14","422","26","18","582","10","4","205","10","1","155"
"Van Ness Ave&Jackson St SW-FS/BZ","144","71","2515","33","9","433","47","23","693","24","16","430","33","15","600","5","5","205","2","3","154"
"Van Ness Ave&Sacramento St NW-NS","337","254","2598","83","27","489","92","77","708","65","48","447","64","70","594","22","22","205","11","10","155"
"Van Ness Ave&Pine St NW-NS/BZ","280","131","2747","48","21","516","92","35","765","51","23","475","53","26","621","26","20","211","10","6","159"
"Van Ness Ave&Sutter St SW-FS/BZ","262","232","2777","36","35","517","88","51","802","34","43","466","67","70","618","25","22","214","12","11","160"
"Van Ness Ave&Geary Blvd NW-NS/BZ","285","334","2728","56","30","543","91","85","808","48","69","445","50","88","580","25","36","203","15","26","149"
"Van Ness Ave&O'Farrell St SW-FS","487","211","3004","105","19","629","191","56","943","82","51","476","62","47","595","28","22","209","19","16","152"
"Van Ness Ave&Eddy St SW-FS/BZ","319","304","3019","41","54","616","124","94","973","72","50","498","52","67","580","14","19","204","16","20","148"
"Van Ness Ave&Mcallister St SW-FS","235","361","2893","49","71","594","84","130","927","43","59","482","43","63","560","6","24","186","10","14","144"
"Van Ness Ave&Grove St SW-FS/BZ","71","219","2745","21","62","553","26","67","886","13","27","468","6","39","527","2","16","172","3","8","139"
"Van Ness Ave&Oak St NW-NS/BZ","301","1454","1592","104","222","435","83","448","521","51","266","253","49","315","261","5","114","63","9","89","59"
"11th St&Mission St S-FS/BZ","193","256","1529","26","38","423","63","96","488","52","50","255","41","44","258","8","12","59","3","16","46"
"11th St&Howard St S-FS/BZ","29","72","1486","4","25","402","12","20","480","7","14","248","5","10","253","1","2","58","0","1","45"
"11th St&Folsom St S-FS/BZ","25","126","1385","7","33","376","7","40","447","5","21","232","5","17","241","0","7","51","1","8","38"
"11th St&Harrison St S-FS/BZ","32","259","1158","3","23","356","18","120","345","4","60","176","4","38","207","3","14","40","0","4","34"
"Bryant St&11th St E-FS","43","82","1119","10","34","332","9","20","334","10","11","175","13","13","207","1","4","37","0","0","34"
"Bryant St&9th St E-FS/BZ","56","123","1052","3","15","320","13","46","301","14","32","157","16","25","198","10","3","44","0","2","32"
"Bryant St&8th St S-NS/BZ","17","45","1024","3","20","303","5","16","290","6","4","159","3","4","197","0","0","44","0","1","31"
"Bryant St&7th St E-FS/BZ","33","243","814","8","117","194","8","82","216","10","26","143","7","12","192","0","5","39","0","1","30"
"Bryant St&6th St S-NS/BZ","41","86","769","7","27","174","19","31","204","8","9","142","6","15","183","1","2","38","0","2","28"
"Bryant St&5th St E-FS/BZ","22","110","681","8","23","159","11","35","180","1","7","136","1","29","155","1","9","30","0","7","21"
"Bryant St&4th St S-NS","2","45","638","0","7","152","1","15","166","0","14","122","1","6","150","0","1","29","0","2","19"
"4th St&Brannan St S-FS","9","135","512","1","43","110","3","45","124","1","17","106","2","14","138","1","8","22","1","8","12"
"4th St & Townsend St E-MB/BZ","0","498","14","0","105","5","0","123","1","0","102","4","0","136","2","0","21","1","0","11","1"
"Total Passenger Boardings ","6096","6087",,"1105","1101",,"1896","1897",,"1106","1103",,"1287","1286",,"425","424",,"277","276",
"Subject to disclaimer at www.sfmta.com/tepdata",,,,,,,,,,,,,,,,,,,,,
"Stop","Daily On","Daily Off","Daily Load","AM Peak On","AM Peak Off","AM Peak Load","Midday On","Midday Off","Midday Load","School  On","School Off","School Load","PM Peak On","PM Peak Off","PM Peak Load","Evening On","Evening Off","Evening Load","Owl On","Owl Off","Owl Load"
"47-Van Ness to Wharf Powell & Beach Weekday",,,,,,,,,,,,,,,,,,,,,
"4th St & Townsend St E-MB/BZ","765","0","783","193","0","198","205","0","208","91","0","93","177","0","184","70","0","71","29","0","29"
"5th St&Townsend St N-FS","27","2","808","1","0","199","2","0","210","4","2","95","16","0","200","3","0","74","1","0","30"
"5th St&Brannan St E-NS/BZ","56","5","859","8","3","204","16","2","224","3","0","98","23","0","223","5","0","79","1","0","31"
"Harrison St&5th St W-FS/BZ","123","16","966","17","2","219","41","5","260","23","3","118","37","6","254","3","0","82","2","0","33"
"Harrison St&6th St W-FS/BZ","166","37","1095","36","7","248","53","7","306","40","7","151","24","13","265","10","3","89","3","0","36"
"Harrison St&7th St N-NS/BZ","165","45","1215","18","22","244","58","6","358","41","7","185","40","9","296","7","1","95","1","0","37"
"Harrison St&8th St N-NS/BZ","54","16","1253","9","5","248","11","3","366","8","3","190","20","4","312","6","1","100","0","0","37"
"Harrison St&9th St W-FS/BZ","151","48","1356","16","16","248","35","17","384","29","3","216","54","9","357","14","3","111","3","0","40"
"11th St&Harrison St N-FS/BZ","309","86","1579","22","13","257","102","32","454","73","13","276","85","22","420","27","5","133","0","1","39"
"11th St&Folsom St N-FS/BZ","175","22","1732","47","2","302","52","8","498","37","4","309","27","5","442","10","3","140","2","0","41"
"11th St&Howard St N-FS/BZ","98","33","1797","31","7","326","28","8","518","20","14","315","17","3","456","2","1","141","0","0","41"
"Mission St&11th St W-FS/BZ","112","201","1708","26","29","323","41","71","488","24","41","298","17","48","425","3","10","134","1","2","40"
"South Van Ness Ave&Mission St FS-NE","495","66","2137","70","9","384","170","16","642","89","21","366","102","12","515","49","5","178","15","3","52"
"Van Ness Ave&Market St NE-FS/BZ","1438","297","3278","258","47","595","462","85","1019","247","45","568","295","88","722","126","25","279","50","7","95"
"Van Ness Ave&Grove St NE-FS/BZ","342","81","3539","53","10","638","104","31","1092","65","16","617","85","16","791","25","7","297","10","1","104"
"Van Ness Ave&Mcallister St SE-NS","322","174","3687","58","39","657","107","57","1142","50","26","641","77","41","827","25","9","313","5","2","107"
"Van Ness Ave&Turk St NE-FS/BZ","187","219","3655","39","46","650","58","81","1119","38","49","630","38","34","831","10","7","316","4","2","109"
"Van Ness Ave&Eddy St NE-FS/BZ","241","328","3568","47","51","646","95","120","1094","45","60","615","41","65","807","10","21","305","3","11","101"
"Van Ness Ave&O'Farrell St NE-FS","277","398","3447","50","38","658","90","110","1074","60","72","603","45","121","731","24","40","289","8","17","92"
"Van Ness Ave&Post St E-MB/BB","283","500","3230","62","58","662","78","163","989","68","100","571","50","116","665","22","43","268","3","20","75"
"Van Ness Ave&Sutter St NE-FS/BZ","199","443","2986","44","80","626","53","135","907","39","80","530","47","95","617","10","42","236","6","11","70"
"Van Ness Ave&California St NE-FS","149","649","2486","32","107","551","47","212","742","30","94","466","29","161","485","8","61","183","3","14","59"
"Van Ness Ave&Clay St NE-FS/BZ","136","283","2339","34","30","555","46","83","705","29","53","442","18","80","423","8","30","161","1","7","53"
"Van Ness Ave&Jackson St NE-FS/BZ","87","249","2177","18","41","532","27","84","648","26","44","424","9","55","377","6","20","147","1","5","49"
"Van Ness Ave&Broadway NE-FS/BZ","46","224","1999","10","33","509","16","57","607","7","38","393","9","57","329","4","32","119","0","7","42"
"Van Ness Ave&Union St SE-NS/BZ","65","351","1713","21","58","472","23","100","530","8","77","324","7","73","263","4","31","92","2","12","32"
"Van Ness Ave&Greenwich St NE-FS","35","71","1677","9","12","469","19","16","533","5","17","312","1","17","247","1","5","88","0","4","28"
"Van Ness Ave&Chestnut St NE-FS/BZ","44","388","1333","7","172","304","21","81","473","6","58","260","8","52","203","2","22","68","0","3","25"
"Van Ness Ave&Francisco St NE-FS","1","6","1328","0","1","303","1","2","472","0","0","260","0","2","201","0","1","67","0","0","25"
"North Point St&Van Ness Ave SE-FS","53","131","1250","16","29","290","15","45","442","14","23","251","4","22","183","4","8","63","0","4","21"
"North Point St&Polk St SE-FS/BZ","44","36","1258","2","7","285","14","15","441","22","6","267","5","6","182","1","1","63","0","1","20"
"North Point St&Larkin St SW-NS/BZ","17","61","1214","0","9","276","10","17","434","4","22","249","1","9","174","0","2","61","2","2","20"
"North Point St&Hyde St SW-NS/BZ","17","82","1149","2","28","250","8","29","413","4","9","244","2","10","166","1","5","57","0","1","19"
"North Point St&Jones St SW-NS/BZ","11","235","925","4","52","202","3","81","335","1","45","200","3","38","131","0","16","41","0","3","16"
"North Point St&Mason St SE-FS/BZ","6","442","489","1","96","107","1","148","188","2","96","106","1","76","56","0","17","24","1","9","8"
"Powell St&Beach St SE-NS/BZ","0","486","3","0","107","0","0","187","1","0","106","0","0","56","0","0","23","1","0","7","1"
"Total Passenger Boardings ","6696","6711",,"1261","1266",,"2112","2114",,"1252","1254",,"1414","1421",,"500","500",,"157","156",
"Subject to disclaimer at www.sfmta.com/tepdata",,,,,,,,,,,,,,,,,,,,,
