"Stop","Daily On","Daily Off","Daily Load","AM Peak On","AM Peak Off","AM Peak Load","Midday On","Midday Off","Midday Load","School  On","School Off","School Load","PM Peak On","PM Peak Off","PM Peak Load","Evening On","Evening Off","Evening Load","Owl On","Owl Off","Owl Load"
"60-Powell-Hyde (cable car) to Powell & Market",,,,,,,,,,,,,,,,,,,,,
"Hyde St&Beach St NW-NS","3463","0","3467","50","0","50","1247","0","1249","519","0","520","744","0","745","681","0","681","222","0","222"
"Hyde St&North Point St W-MI","199","6","3660","6","0","56","45","0","1294","50","0","570","49","4","790","35","2","714","14","0","236"
"Hyde St&Bay St W-MI","91","8","3743","2","0","58","28","0","1322","20","1","589","32","1","821","9","6","717","0","0","236"
"Hyde St&Chestnut St W-MI","27","1","3769","5","0","63","10","0","1332","1","0","590","9","0","830","1","1","717","1","0","237"
"Hyde St&Lombard St SW-FS","339","203","3905","5","5","63","158","144","1346","63","27","626","75","17","888","37","3","751","1","7","231"
"Hyde St&Greenwich St NW-NS","13","13","3905","1","0","64","6","0","1352","5","13","618","1","0","889","0","0","751","0","0","231"
"Hyde St&Filbert St NW-NS","14","11","3908","1","0","65","10","9","1353","2","2","618","0","0","889","1","0","752","0","0","231"
"Hyde St&Union St W-MI","81","15","3974","26","0","91","35","4","1384","4","1","621","9","5","893","4","5","751","3","0","234"
"Hyde St&Green St NW-NS","9","2","3981","1","0","92","2","2","1384","2","0","623","0","0","893","2","0","753","2","0","236"
"Hyde St&Vallejo St NW-NS","19","8","3992","6","0","98","8","5","1387","0","0","623","3","0","896","2","3","752","0","0","236"
"Hyde St&Broadway NW-NS","6","5","3993","2","0","100","4","1","1390","0","2","621","0","0","896","0","2","750","0","0","236"
"Hyde St&Pacific Ave SW-FS","40","9","4024","12","1","111","19","8","1401","1","0","622","2","0","898","5","0","755","1","0","237"
"Hyde St&Jackson St W-MI","29","7","4046","6","0","117","9","3","1407","3","1","624","3","1","900","5","0","760","3","2","238"
"Washington St&Leavenworth St S-MI","11","14","4043","4","0","121","1","8","1400","3","1","626","1","0","901","0","2","758","2","3","237"
"Washington St&Jones St S-MI","16","5","4054","5","2","124","7","1","1406","0","2","624","1","0","902","3","0","761","0","0","237"
"Washington St&Taylor St S-MI","3","7","4050","0","0","124","2","4","1404","1","0","625","0","0","902","0","2","759","0","1","236"
"Mason St&Washington St NW-NS","0","0","4050","0","0","124","0","0","1404","0","0","625","0","0","902","0","0","759","0","0","236"
"Washington St&Mason St SW-NS","175","228","3997","60","2","182","64","114","1354","26","37","614","15","67","850","8","7","760","2","1","237"
"Washington St&Powell St SW-NS","108","310","3795","10","12","180","52","173","1233","9","35","588","24","56","818","13","31","742","0","3","234"
"Powell St&Clay St W-MI","39","32","3802","9","1","188","13","22","1224","7","5","590","2","2","818","6","0","748","2","2","234"
"Powell St&Sacramento St W-MI","20","15","3807","5","2","191","10","6","1228","4","4","590","1","2","817","0","0","748","0","1","233"
"Powell St&California St NW-NS","208","287","3728","18","12","197","87","69","1246","34","35","589","32","85","764","27","58","717","10","28","215"
"Powell St&Pine St W-MI","42","43","3727","6","1","202","17","13","1250","5","7","587","2","5","761","12","15","714","0","2","213"
"Powell St&Bush St W-MI","49","101","3675","11","8","205","28","37","1241","6","7","586","3","12","752","0","32","682","1","5","209"
"Powell St&Sutter St SW-FS","47","296","3426","7","22","190","25","61","1205","1","53","534","5","64","693","6","68","620","3","28","184"
"Powell St&Post St NW-NS","27","491","2962","2","19","173","7","226","986","2","81","455","6","71","628","10","69","561","0","25","159"
"Powell St&Geary St NW-NS","27","327","2662","1","17","157","17","81","922","1","61","395","8","80","556","0","72","489","0","16","143"
"Powell St&O'Farrell St NW-NS","3","166","2499","1","12","146","0","32","890","0","15","380","2","32","526","0","50","439","0","25","118"
"Powell St&Ellis St NW-NS","0","240","2259","0","54","92","0","130","760","0","45","335","0","2","524","0","6","433","0","3","115"
"Powell St&Market St NW-NS","0","2259","0","0","92","0","0","760","0","0","335","0","0","524","0","0","433","0","0","115","0"
"Total Passenger Boardings ","5105","5109",,"262","262",,"1911","1913",,"769","770",,"1029","1030",,"867","867",,"267","267",
"Subject to disclaimer at www.sfmta.com/tepdata"
,,,,,,,,,,,,,,,,,,,,,
,,,,,,,,,,,,,,,,,,,,,
"Stop","Daily On","Daily Off","Daily Load","AM Peak On","AM Peak Off","AM Peak Load","Midday On","Midday Off","Midday Load","School  On","School Off","School Load","PM Peak On","PM Peak Off","PM Peak Load","Evening On","Evening Off","Evening Load","Owl On","Owl Off","Owl Load"
"60-Powell-Hyde (cable car) to Hyde & Beach",,,,,,,,,,,,,,,,,,,,,
"Powell St&Market St NE-FS","2903","3","2909","316","0","317","877","3","878","461","0","461","581","0","582","547","0","547","121","0","124"
"Powell St&O'Farrell St SE-NS","480","8","3381","10","1","326","214","4","1088","129","0","590","79","2","659","36","0","583","12","1","135"
"Powell St&Geary St SE-NS","546","19","3908","16","2","340","245","2","1331","90","0","680","100","2","757","58","11","630","37","2","170"
"Powell St&Post St SE-NS/SI","393","25","4276","22","2","360","163","9","1485","39","2","717","82","1","838","62","7","685","25","4","191"
"Powell St&Sutter St SE-NS","233","61","4448","22","25","357","106","8","1583","13","1","729","44","7","875","31","13","703","17","7","201"
"Powell St&Bush St E-MI","85","70","4463","16","10","363","40","12","1611","13","6","736","11","20","866","2","12","693","3","10","194"
"Powell St&Pine St E-MI","49","64","4448","1","7","357","32","13","1630","3","6","733","10","14","862","1","10","684","2","14","182"
"Powell St&California St NE-FS","264","373","4339","21","65","313","105","68","1667","37","31","739","44","83","823","51","92","643","6","34","154"
"Powell St&Sacramento St SE-NS","18","43","4314","1","13","301","3","11","1659","4","9","734","3","1","825","7","5","645","0","4","150"
"Powell St&Clay St SE-NS","31","74","4271","3","23","281","8","24","1643","6","7","733","10","10","825","3","9","639","1","1","150"
"Powell St&Washington St SE-NS","23","99","4195","1","11","271","11","31","1623","9","17","725","1","15","811","1","19","621","0","6","144"
"Powell St&Jackson St SE-NS/SB","136","220","4111","4","39","236","56","83","1596","26","44","707","33","38","806","15","16","620","2","0","146"
"Jackson St&Mason St NW-FS","190","186","4115","9","30","215","120","63","1653","16","17","706","29","34","801","14","33","601","2","9","139"
"Jackson St&Taylor St N-MI","9","23","4101","2","1","216","7","0","1660","0","1","705","0","5","796","0","12","589","0","4","135"
"Jackson St&Jones St N-MI","7","19","4089","3","2","217","2","1","1661","0","0","705","0","9","787","0","3","586","2","4","133"
"Jackson St&Leavenworth St NE-NS","14","42","4061","3","1","219","1","2","1660","1","5","701","0","7","780","8","22","572","1","5","129"
"Jackson St&Hyde St NE-NS","31","40","4052","1","4","216","5","6","1659","5","5","701","5","7","778","4","14","562","11","4","136"
"Hyde St&Pacific Ave SE-NS","27","38","4041","4","3","217","13","5","1667","8","0","709","0","14","764","2","14","550","0","2","134"
"Hyde St&Broadway SE-NS","28","27","4042","2","1","218","17","5","1679","3","4","708","6","10","760","0","6","544","0","1","133"
"Hyde St&Vallejo St NE-FS","3","9","4036","0","0","218","1","2","1678","2","0","710","0","1","759","0","6","538","0","0","133"
"Hyde St&Green St E-MI","3","18","4021","0","0","218","3","1","1680","0","0","710","0","2","757","0","11","527","0","4","129"
"Hyde St&Union St E-MI","26","56","3991","3","6","215","5","9","1676","6","8","708","7","11","753","5","8","524","0","14","115"
"Hyde St&Filbert St E-MI","2","9","3984","1","1","215","1","1","1676","0","2","706","0","0","753","0","5","519","0","0","115"
"Hyde St&Greenwich St SE-NS","1","5","3980","0","0","215","0","0","1676","0","0","706","1","4","750","0","1","518","0","0","115"
"Hyde St&Lombard St E-MI","276","744","3512","5","44","176","144","351","1469","79","157","628","35","148","637","13","38","493","0","6","109"
"Hyde St&Chestnut St SE-NS","14","40","3486","0","4","172","2","8","1463","8","1","635","0","4","633","4","23","474","0","0","109"
"Hyde St&Bay St E-MI","6","17","3475","0","0","172","0","2","1461","2","7","630","0","1","632","4","7","471","0","0","109"
"Hyde St&North Point St SE-NS","1","213","3263","0","12","160","1","55","1407","0","4","626","0","64","568","0","74","397","0","4","105"
"Hyde St&Beach St SE-NS","1","1980","1284","0","71","89","0","776","631","0","527","99","0","278","290","0","265","132","1","63","43"
"Hyde Turntable NW-FS/TT","0","1274","10","0","88","1","0","626","5","0","98","1","0","289","1","0","132","0","0","41","2"
"Total Passenger Boardings ","5800","5799",,"466","466",,"2182","2181",,"960","959",,"1081","1081",,"868","868",,"243","244",
"Subject to disclaimer at www.sfmta.com/tepdata"
,,,,,,,,,,,,,,,,,,,,,
