"Stop","Daily On","Daily Off","Daily Load","AM Peak On","AM Peak Off","AM Peak Load","Midday On","Midday Off","Midday Load","School  On","School Off","School Load","PM Peak On","PM Peak Off","PM Peak Load","Evening On","Evening Off","Evening Load","Owl On","Owl Off","Owl Load"
"38-Geary to Richmond District  Weekday",,,,,,,,,,,,,,,,,,,,,
"Trans Bay Terminal E-NS/SI","1176","0","1273","328","0","375","219","0","222","128","0","129","234","0","255","141","0","155","126","0","137"
"Fremont St&Market St E-NS/SI","785","28","2030","111","6","480","146","5","363","116","4","241","199","6","448","142","7","290","71","0","208"
"Market St&Sansome St W-FS/BZ","1077","87","3020","130","42","568","195","17","541","150","10","381","264","13","699","209","4","495","129","1","336"
"Market St&Montgomery St W-FS/BZ","1191","68","4143","189","20","737","222","16","747","135","10","506","286","12","973","211","7","699","148","3","481"
"Geary Blvd&Kearny St NW-FS/BZ","1183","120","5206","178","12","903","246","37","956","190","18","678","280","24","1229","200","27","872","89","2","568"
"Geary Blvd&Stockton St NE-NS/BB","1478","191","6493","135","18","1020","338","61","1233","244","38","884","424","55","1598","225","14","1083","112","5","675"
"Geary Blvd&Powell St NW-FS/BZ","1357","182","7668","103","45","1078","243","44","1432","212","28","1068","350","35","1913","288","18","1353","161","12","824"
"Geary Blvd&Taylor St NW-FS/BZ","481","306","7843","69","46","1101","104","68","1468","81","51","1098","83","70","1926","69","43","1379","75","28","871"
"Geary Blvd&Jones St NW-FS/BZ","319","311","7851","57","27","1131","98","72","1494","50","52","1096","54","91","1889","36","42","1373","24","27","868"
"Geary Blvd&Leavenworth St NW-FS/BZ","643","589","7905","189","38","1282","165","122","1537","92","95","1093","97","169","1817","63","102","1334","37","63","842"
"Geary Blvd&Hyde St NW-FS/BZ","249","296","7858","59","18","1323","72","62","1547","44","51","1086","37","69","1785","15","40","1309","22","56","808"
"Geary Blvd&Larkin St NW-FS/BZ","416","459","7815","90","35","1378","120","86","1581","52","73","1065","63","126","1722","52","84","1277","39","55","792"
"Geary Blvd&Van Ness Ave N-MB/BB","1216","835","8196","171","141","1408","300","190","1691","203","116","1152","272","198","1796","159","113","1323","111","77","826"
"Geary Blvd&Franklin St NE-NS/BZ","181","169","8208","22","29","1401","39","35","1695","28","24","1156","39","45","1790","26","29","1320","27","7","846"
"Geary Blvd&Gough St NW-FS/BZ","129","213","8124","15","29","1387","46","48","1693","28","34","1150","24","52","1762","7","34","1293","9","16","839"
"Geary Blvd&Laguna St NE-NS/BZ","233","496","7861","44","74","1357","88","140","1641","41","74","1117","40","113","1689","13","57","1249","7","38","808"
"Geary Blvd&Webster St NE-NS/BZ","131","306","7686","12","26","1343","30","78","1593","28","57","1088","28","79","1638","26","46","1229","7","20","795"
"Geary Blvd&Fillmore St NW-FS/BZ","933","975","7644","160","125","1378","246","238","1601","154","142","1100","170","228","1580","136","155","1210","67","87","775"
"Geary Blvd&Scott St NE-NS/BZ","101","270","7475","25","102","1301","21","56","1566","29","30","1099","20","41","1559","4","24","1190","2","17","760"
"Geary Blvd&Divisadero St NE-NS/BZ","676","853","7298","104","196","1209","224","259","1531","125","144","1080","125","131","1553","64","72","1182","34","51","743"
"Geary Blvd&Baker St NW-FS/BZ","117","329","7086","23","69","1163","25","66","1490","27","46","1061","27","64","1516","10","54","1138","5","30","718"
"Geary Blvd&Presidio Ave N-MB/BZ","540","1017","6609","55","223","995","161","281","1370","106","162","1005","116","186","1446","85","104","1119","17","61","674"
"Geary Blvd&Collins St NE-NS/BZ","93","194","6508","18","16","997","21","31","1360","18","32","991","20","43","1423","9","38","1090","7","34","647"
"Geary Blvd&Spruce St NE-NS/BZ","120","204","6424","23","21","999","39","47","1352","18","32","977","21","50","1394","9","34","1065","10","20","637"
"Geary Blvd&Commonwealth St NW-FS","46","133","6337","2","23","978","13","30","1335","9","21","965","8","30","1372","12","21","1056","2","8","631"
"Geary Blvd&Arguello Blvd NE-NS/BZ","330","531","6136","47","105","920","65","96","1304","100","92","973","73","109","1336","33","79","1010","12","50","593"
"Geary Blvd&3rd Ave NE-NS/BZ","109","352","5893","28","22","926","28","80","1252","15","52","936","19","83","1272","7","81","936","12","34","571"
"Geary Blvd&6th Ave NE-NS/BZ","609","954","5548","110","119","917","193","249","1196","114","165","885","113","206","1179","50","141","845","29","74","526"
"Geary Blvd&9th Ave NW-FS/BZ","282","480","5350","35","47","905","105","134","1167","58","82","861","64","107","1136","17","72","790","3","38","491"
"Geary Blvd&12th Ave NE-NS/BZ","127","285","5192","22","29","898","27","55","1139","27","42","846","33","62","1107","11","61","740","7","36","462"
"Geary Blvd&Park Presidio Blvd NW-FS","306","607","4891","78","76","900","64","159","1044","76","128","794","47","131","1023","26","66","700","15","47","430"
"Geary Blvd&17th Ave NE-NS/BZ","211","561","4541","23","45","878","52","156","940","44","106","732","57","131","949","33","88","645","2","35","397"
"Geary Blvd&20th Ave NE-NS/BZ","288","730","4099","40","52","866","99","196","843","65","149","648","59","182","826","18","106","557","7","45","359"
"Geary Blvd&22nd Ave NE-NS/BZ","58","287","3870","8","41","833","23","58","808","13","39","622","10","63","773","3","56","504","1","30","330"
"Geary Blvd&25th Ave NE-NS/BZ","217","796","3291","52","70","815","50","179","679","31","142","511","53","200","626","20","132","392","11","73","268"
"Geary Blvd&28th Ave NE-NS/BZ","61","399","2953","12","35","792","18","91","606","15","61","465","9","99","536","3","70","325","4","43","229"
"Geary Blvd&30th Ave NE-NS/BZ","69","344","2678","12","173","631","11","37","580","38","47","456","4","47","493","3","28","300","1","12","218"
"Geary Blvd&33rd Ave NW-FS/BZ","105","483","953","23","207","217","24","84","191","19","57","158","10","74","163","12","37","119","17","24","105"
"33rd Ave&Geary Blvd SW-FS/BZ","99","305","1141","9","35","204","26","67","288","31","56","235","27","62","231","5","53","108","1","32","75"
"Geary Blvd&36th Ave NE-NS/BZ","7","171","789","1","26","192","2","36","157","3","35","126","1","34","130","0","31","88","0","9","96"
"Geary Blvd&39th Ave NW-FS/BZ","4","144","649","0","10","182","0","27","130","0","30","96","2","41","91","1","23","66","1","13","84"
"Point Lobos Ave&42nd Ave NE-NS/BZ","19","273","395","5","42","145","10","73","67","2","58","40","1","51","41","1","30","37","0","19","65"
"42nd Ave&Clement St SE-NS","8","107","235","1","41","105","1","22","46","2","24","18","4","17","24","0","3","1","0","0","41"
"Fort Miley Hospital N-NS","0","92","143","0","22","83","0","28","18","0","7","11","0","20","4","0","1","0","0","14","27"
"43rd Ave&Clement St SW-FS","3","93","6","2","67","4",,,,,,,,,,,,,"1","26","2"
"43rd Ave&Point Lobos Ave NW-NS","0","0","6","0","0","4",,,,,,,,,,,,,"0","0","2"
"Point Lobos Ave&44th Ave NE-NS","0","16","51","0","0","4",,,,,,,"0","0","4","0","9","24","0","7","19"
"Point Lobos Ave&46th Ave NW-FS","1","8","44","1","1","4",,,,,,,"0","1","3","0","5","19","0","1","18"
"48th Ave&Point Lobos Ave SW-FS/BZ","0","37","7","0","3","1",,,,,,,"0","3","0","0","17","2","0","14","4"
"33rd Ave&Anza St NW-NS","4","174","971","0","124","80","2","18","272","2","13","224","0","9","222","0","7","101","0","3","72"
"33rd Ave&Balboa St NW-NS/BZ","8","67","912","1","6","75","3","16","259","2","18","208","2","14","210","0","11","90","0","2","70"
"Balboa St&35th Ave N-MB","19","76","855","2","9","68","8","19","248","6","22","192","3","18","195","0","8","82","0","0","70"
"Balboa St&37th Ave NE-NS","20","164","711","2","16","54","8","38","218","4","42","154","3","41","157","3","16","69","0","11","59"
"Balboa St&40th Ave NE-NS","8","113","606","2","12","44","5","28","195","0","26","128","1","38","120","0","3","66","0","6","53"
"Balboa St&43rd Ave NE-NS","6","86","526","0","4","40","2","20","177","3","22","109","1","21","100","0","12","54","0","7","46"
"45th Ave&Balboa St SW-FS","4","77","453","0","4","36","1","28","150","2","20","91","0","11","89","1","8","47","0","6","40"
"45th Ave&Cabrillo St NW-NS","1","65","389","0","5","31","0","12","138","1","13","79","0","21","68","0","8","39","0","6","34"
"Cabrillo St&47th Ave NE-NS","1","40","350","0","0","31","0","11","127","0","8","71","1","11","58","0","4","35","0","6","28"
"Cabrillo St&La Playa St NE-NS/SI","0","349","1","0","31","0","0","126","1","0","71","0","0","58","0","0","35","0","0","28","0"
"Total Passenger Boardings ","17855","17897",,"2828","2860",,"4248","4232",,"2981","2971",,"3878","3895",,"2458","2470",,"1462","1469",
"Subject to disclaimer at www.sfmta.com/tepdata",,,,,,,,,,,,,,,,,,,,,
"Stop","Daily On","Daily Off","Daily Load","AM Peak On","AM Peak Off","AM Peak Load","Midday On","Midday Off","Midday Load","School  On","School Off","School Load","PM Peak On","PM Peak Off","PM Peak Load","Evening On","Evening Off","Evening Load","Owl On","Owl Off","Owl Load"
"38-Geary to Transbay Terminal Weekday",,,,,,,,,,,,,,,,,,,,,
"Cabrillo St&La Playa St NE-NS/SI","461","0","466","63","0","63","151","0","153","85","0","86","87","0","88","40","0","41","35","0","35"
"Cabrillo St&La Playa St SE-FS/BZ","0","0","466","0","0","63","0","0","153","0","0","86","0","0","88","0","0","41","0","0","35"
"Cabrillo St&47th Ave SW-NS","36","0","502","13","0","76","9","0","162","4","0","90","9","0","97","0","0","41","1","0","36"
"45th Ave&Cabrillo St NE-FS","89","4","587","28","2","102","32","0","194","9","2","97","13","0","110","3","0","44","4","0","40"
"45th Ave&Balboa St SE-NS","102","11","678","30","2","130","38","3","229","11","2","106","11","2","119","11","2","53","1","0","41"
"Balboa St&43rd Ave SW-NS","72","5","745","20","0","150","29","0","258","7","2","111","11","3","127","1","0","54","4","0","45"
"Balboa St&40th Ave SW-NS","124","17","852","42","4","188","40","6","292","19","2","128","14","3","138","4","2","56","5","0","50"
"Balboa St&37th Ave SW-NS","245","28","1069","48","4","232","101","9","384","33","6","155","41","6","173","13","3","66","9","0","59"
"Balboa St&34th Ave SW-NS","129","13","1185","34","1","265","43","4","423","20","3","172","18","3","188","9","1","74","5","1","63"
"33rd Ave&Balboa St NE-FS","38","17","1206","7","2","270","20","6","437","8","4","176","2","4","186","0","1","73","1","0","64"
"33rd Ave&Anza St SE-NS","33","33","1206","4","17","257","10","9","438","13","5","184","4","2","188","0","0","73","2","0","66"
"48th Ave&Point Lobos Ave SW-FS/BZ","46","0","48",,,,,,,,,,"11","0","11","18","0","19","17","0","18"
"Geary Blvd&45th Ave SW-NS","12","0","60",,,,,,,,,,"3","0","14","3","0","22","6","0","24"
"Fort Miley Hospital N-NS","348","0","407","24","0","43","127","0","149","83","0","92","105","0","113","9","0","10",,,
"Fort Miley Nursing Facility N-MB","0","0","407","0","0","43","0","0","149","0","0","92","0","0","113","0","0","10",,,
"43rd Ave&Clement St SW-FS","8","0","415","2","0","45","2","0","151","3","0","95","0","0","113","1","0","11",,,
"43rd Ave&Point Lobos Ave NW-NS","45","11","449","3","1","47","21","9","163","14","0","109","7","1","119","0","0","11",,,
"Geary Blvd&42nd Ave SE-FS/BZ","229","20","718","34","1","80","57","7","213","27","6","130","67","5","195","23","1","55","21","0","45"
"Geary Blvd&39th Ave SW-NS/BZ","195","16","897","48","4","124","48","2","259","28","3","155","41","5","231","22","2","75","8","0","53"
"Geary Blvd&36th Ave SW-NS/BZ","124","7","1014","28","3","149","33","3","289","22","1","176","23","0","254","10","0","85","8","0","61"
"Geary Blvd&33rd Ave SW-NS/BZ","371","61","1328","39","8","180","88","16","361","129","14","295","66","17","303","31","2","114","18","4","75"
"33rd Ave&Geary Blvd SE-NS","146","134","1218","26","47","236","47","51","434","32","13","203","14","18","184","9","4","78","18","1","83"
"Geary Blvd&32nd Ave SE-FS/BZ","239","14","2771","19","1","434","49","3","841","129","6","621","34","1","520","5","3","194","3","0","161"
"Geary Blvd&30th Ave SW-NS/BZ","555","100","3226","79","37","476","131","24","948","150","18","753","128","15","633","41","6","229","26","0","187"
"Geary Blvd&25th Ave SW-NS/BZ","701","158","3769","130","22","584","191","44","1095","119","42","830","140","37","736","64","10","283","57","3","241"
"Geary Blvd&23rd Ave SW-NS/BZ","222","74","3917","40","15","609","47","23","1119","44","15","859","36","13","759","28","6","305","27","2","266"
"Geary Blvd&20th Ave SW-NS/BZ","802","278","4441","107","29","687","261","98","1282","149","81","927","151","56","854","72","8","369","62","6","322"
"Geary Blvd&17th Ave SW-NS/BZ","499","191","4749","56","15","728","132","57","1357","99","54","972","116","48","922","57","14","412","39","3","358"
"Geary Blvd&Park Presidio Blvd SW-NS","584","332","5004","128","58","798","146","87","1416","107","102","980","114","61","975","43","16","439","46","8","396"
"Geary Blvd&12th Ave SE-FS/BZ","251","105","5150","51","22","827","53","25","1444","44","26","998","49","20","1004","30","9","460","24","3","417"
"Geary Blvd&9th Ave SE-FS/BZ","394","332","5212","68","35","860","111","117","1438","68","83","983","78","71","1011","42","16","486","27","10","434"
"Geary Blvd&6th Ave SW-NS/BZ","795","553","5454","139","62","937","226","173","1491","151","133","1001","174","111","1074","66","48","504","39","26","447"
"Geary Blvd&03rd Ave SW-NS/BZ","312","165","5601","39","9","967","83","41","1533","58","41","1018","61","45","1090","35","20","519","36","9","474"
"Geary Blvd&Arguello Blvd SE-FS/BZ","476","298","5779","90","73","984","85","75","1543","130","58","1090","91","62","1119","43","20","542","37","10","501"
"Geary Blvd&Stanyan St SW-NS/BZ","126","58","5847","12","3","993","24","13","1554","29","19","1100","27","18","1128","21","4","559","13","1","513"
"Geary Blvd&Spruce St SW-NS/BZ","212","157","5902","43","14","1022","60","44","1570","39","50","1089","31","33","1126","17","13","563","22","3","532"
"Geary Blvd&Collins St SE-FS/BZ","160","91","5971","25","9","1038","44","28","1586","28","16","1101","28","21","1133","18","9","572","17","8","541"
"Geary Blvd&Masonic Ave SW-NS/BZ","229","369","5831","19","63","994","52","94","1544","43","75","1069","62","78","1117","38","37","573","15","22","534"
"Geary Blvd&Presidio Ave SW-NS/BZ","615","216","6230","69","28","1035","175","75","1644","149","63","1155","136","35","1218","61","10","624","25","5","554"
"Geary Blvd&St Joseph's Ave SE-FS","163","108","6285","26","16","1045","38","27","1655","26","27","1154","35","26","1227","24","4","644","14","8","560"
"Geary Blvd&Divisadero St SW-NS/BZ","1100","648","6737","164","145","1064","335","173","1817","242","131","1265","230","118","1339","79","53","670","50","28","582"
"Geary Blvd&Fillmore St S-MB/BZ","811","913","6635","112","91","1085","232","270","1779","158","207","1216","163","209","1293","89","97","662","57","39","600"
"Geary Blvd&Webster St SW-NS/BZ","744","325","7054","69","37","1117","239","108","1910","154","76","1294","157","67","1383","73","21","714","52","16","636"
"Starr King Way&Gough St SE-FS/BZ","75","231","6898","10","46","1081","28","55","1883","13","47","1260","9","52","1340","15","20","709","0","11","625"
"O'Farrell St&Van Ness Ave SW-NS","573","1396","6075","94","267","908","117","371","1629","143","259","1144","130","276","1194","57","127","639","32","96","561"
"O'Farrell St&Larkin St SW-NS/BZ","394","444","6025","71","44","935","118","90","1657","77","80","1141","72","101","1165","29","73","595","27","56","532"
"O'Farrell St&Hyde St SE-FS/BZ","340","385","5980","102","33","1004","92","73","1676","57","97","1101","50","87","1128","27","49","573","12","46","498"
"O'Farrell St&Leavenworth St SE-NS","228","460","5748","67","31","1040","61","68","1669","32","99","1034","42","116","1054","13","81","505","13","65","446"
"O'Farrell St&Taylor St S-MB/BB","342","580","5510","90","65","1065","101","168","1602","54","120","968","49","113","990","21","72","454","27","42","431"
"O'Farrell St&Powell St SW-NS/BZ","148","1987","3671","16","244","837","43","586","1059","37","402","603","33","437","586","13","204","263","6","114","323"
"O'Farrell St&Grant Ave S-MB/BB","99","857","2913","10","152","695","34","253","840","22","163","462","21","171","436","8","68","203","4","50","277"
"Market St&3rd St E-FS/BZ","61","1578","1396","8","337","366","16","500","356","10","264","208","15","221","230","9","124","88","3","132","148"
"Market St&1st St S-NS/BZ","44","638","802","2","219","149","10","193","173","7","72","143","17","67","180","4","16","76","4","71","81"
"Trans Bay Terminal E-NS/SI","1","750","53","0","138","11","0","159","14","0","135","8","1","170","11","0","71","5","0","77","4"
"Total Passenger Boardings ","15148","15168",,"2448","2456",,"4230","4240",,"3115","3124",,"3027","3025",,"1349","1347",,"979","976",
"Subject to disclaimer at www.sfmta.com/tepdata",,,,,,,,,,,,,,,,,,,,,
