"Stop","Daily On","Daily Off","Daily Load","AM Peak On","AM Peak Off","AM Peak Load","Midday On","Midday Off","Midday Load","School  On","School Off","School Load","PM Peak On","PM Peak Off","PM Peak Load","Evening On","Evening Off","Evening Load","Owl On","Owl Off","Owl Load"
"5-Fulton to Ocean Beach Weekday",,,,,,,,,,,,,,,,,,,,,
"Trans Bay Terminal E-NS/SI","512","0","557","170","0","183","121","0","131","56","0","64","155","0","169",,,,"10","0","10"
"Fremont St&Market St E-NS/SI","226","15","768","16","4","195","51","2","180","38","4","98","120","5","284",,,,"1","0","11"
"Market St&Sansome St W-FS/BZ","461","44","1185","43","21","217","112","8","284","85","3","180","219","12","491",,,,"2","0","13"
"Market St&Montgomery St W-FS/BZ","442","45","1582","50","5","262","110","13","381","91","9","262","189","18","662",,,,"2","0","15"
"Market St&Grant Ave W-FS/BZ","440","117","1905","38","14","286","131","29","483","106","27","341","165","46","781",,,,"0","1","14"
"Market St&Powell St N-NS/BZ","859","147","2617","112","21","377","298","47","734","177","20","498","266","59","988",,,,"6","0","20"
"Market St&Mason St W-FS/BZ","171","70","2718","21","4","394","61","28","767","39","20","517","50","17","1021",,,,"0","1","19"
"Mcallister St&7th St NE-NS/BZ","375","180","2920","46","21","419","88","59","796","46","45","518","93","53","1063","53","0","55","49","2","69"
"Mcallister St&Hyde St NW-FS/BZ","509","122","3307","70","14","475","133","42","887","71","34","555","135","32","1166","68","0","123","32","0","101"
"Mcallister St&Larkin St NW-FS/BZ","232","109","3430","20","41","454","61","39","909","36","11","580","68","15","1219","25","0","148","22","3","120"
"Mcallister St&Polk St NW-FS/BZ","163","135","3458","16","36","434","45","57","897","36","26","590","50","15","1254","11","1","158","5","0","125"
"Mcallister St&Van Ness Ave NW-FS/BZ","538","158","3838","58","44","448","136","44","989","89","25","654","124","44","1334","76","1","233","55","0","180"
"Mcallister St&Gough St NW-FS/BZ","101","111","3828","13","9","452","23","27","985","24","20","658","29","46","1317","7","4","236","5","5","180"
"808 Mcallister St NW-FS/BZ","29","47","3810","6","5","453","8","10","983","7","10","655","5","18","1304","2","3","235","1","1","180"
"Mcallister St&Laguna St NE-NS/BZ","102","169","3743","27","14","466","31","42","972","12","34","633","24","61","1267","5","13","227","3","5","178"
"Mcallister St&Webster St NW-FS/BZ","70","192","3621","13","22","457","17","51","938","13","32","614","22","55","1234","2","19","210","3","13","168"
"Mcallister St&Fillmore St NW-FS/BZ","312","437","3496","47","47","457","96","120","914","48","78","584","83","147","1170","24","22","212","14","23","159"
"Mcallister St&Pierce St NE-NS/BZ","50","201","3345","13","18","452","17","45","886","6","34","556","10","80","1100","3","16","199","1","8","152"
"Mcallister St&Divisadero St NE-NS","168","390","3123","28","43","437","48","81","853","23","70","509","42","139","1003","17","33","183","10","24","138"
"Mcallister St&Broderick St NE-NS/BZ","17","123","3017","6","13","430","4","28","829","2","22","489","5","45","963","0","13","170","0","2","136"
"Mcallister St&Baker St NE-NS/BZ","50","202","2865","8","20","418","24","43","810","5","31","463","11","79","895","2","15","157","0","14","122"
"Central Ave&Mcallister St SW-FS/BZ","48","205","2708","6","18","406","6","35","781","20","41","442","8","83","820","4","17","144","4","11","115"
"Fulton St&Masonic Ave NE-NS/BZ","366","368","2706","30","56","380","140","107","814","64","59","447","89","121","788","31","17","158","12","8","119"
"Fulton St&Clayton St NW-FS/BZ","85","297","2494","13","41","352","23","94","743","12","43","416","19","84","723","8","19","147","10","16","113"
"Fulton St&Parker Ave NW-FS/BZ","144","371","2267","7","100","259","47","144","646","27","43","400","46","73","696","10","5","152","7","6","114"
"Fulton St&Stanyan St NW-FS/BZ","91","112","2246","7","16","250","31","31","646","22","18","404","21","36","681","6","8","150","4","3","115"
"Fulton St&Arguello Blvd NW-FS/BZ","50","123","2173","8","10","248","15","26","635","9","21","392","15","49","647","0","11","139","3","6","112"
"Fulton St&4th Ave NW-FS/BZ","21","62","2132","1","7","242","6","12","629","5","14","383","7","23","631","2","6","135","0","0","112"
"6th Ave&Fulton St NE-FS/BZ","21","118","56","5","21","9","2","8","2","3","22","16","1","48","18","0","17","0","10","2","11"
"Cabrillo St&6th Ave NW-FS","0","6","27","0","2","1",,,,"0","0","12","0","4","14",,,,,,
"8th Ave&Cabrillo St SW-FS","0","2","25","0","0","1",,,,"0","1","11","0","1","13",,,,,,
"Fulton St&6th Ave NW-FS/BZ","119","114","2010","21","10","235","19","32","610","22","20","355","39","41","564","12","6","124","6","5","122"
"Fulton St&8th Ave SE-FS/BZ","0","25","0","0","1","0",,,,"0","11","0","0","13","0",,,,,,
"Fulton St&8th Ave NW-FS/BZ","138","142","2006","20","15","240","39","57","592","30","29","356","39","29","574","6","7","123","4","5","121"
"Fulton St&10th Ave NW-FS/BZ","31","100","1937","5","16","229","6","43","555","5","15","346","8","21","561","4","2","125","3","3","121"
"Fulton St&12th Ave NW-FS/BZ","5","30","1912","2","2","229","2","9","548","1","7","340","0","9","552","0","2","123","0","1","120"
"Fulton St&Park Presidio Blvd NW-FS","110","196","1826","13","31","211","27","76","499","30","34","336","26","39","539","9","11","121","5","5","120"
"Fulton St&16th Ave NW-FS/BZ","8","86","1748","1","15","197","1","20","480","2","15","323","4","30","513","0","2","119","0","4","116"
"Fulton St&18th Ave NE-NS","11","79","1680","3","5","195","1","26","455","4","12","315","3","29","487","0","2","117","0","5","111"
"Fulton St&20th Ave NW-FS/BZ","14","114","1580","5","5","195","2","21","436","3","23","295","2","48","441","2","11","108","0","6","105"
"Fulton St&22nd Ave NW-FS/BZ","15","69","1526","7","7","195","2","18","420","3","9","289","2","26","417","1","3","106","0","6","99"
"Fulton St&25th Ave NW-FS/BZ","52","171","1407","9","14","190","20","45","395","10","31","268","9","55","371","2","14","94","2","12","89"
"Fulton St&28th Ave NE-NS","12","78","1341","2","6","186","3","23","375","3","11","260","2","29","344","1","6","89","1","3","87"
"Fulton St&30th Ave NE-NS","7","105","1243","1","23","164","5","22","358","1","23","238","0","30","314","0","5","84","0","2","85"
"Fulton St&33rd Ave NW-FS","11","84","1170","2","13","153","4","15","347","2","11","229","2","27","289","1","12","73","0","6","79"
"Fulton St&36th Ave NW-FS/BZ","16","160","1026","2","24","131","4","53","298","5","37","197","4","33","260","1","8","66","0","5","74"
"Fulton St&38th Ave NE-NS","11","41","996","1","1","131","4","7","295","5","9","193","1","19","242","0","3","63","0","2","72"
"Fulton St&40th Ave NE-NS","4","68","932","1","5","127","1","27","269","0","14","179","2","15","229","0","7","56","0","0","72"
"Fulton St&43rd Ave NE-NS","3","107","828","1","16","112","0","25","244","0","15","164","0","41","188","2","4","54","0","6","66"
"Fulton St&46th Ave NW-FS/BZ","2","107","723","1","5","108","0","23","221","0","27","137","1","35","154","0","11","43","0","6","60"
"La Playa St&Fulton St NE-FS/BZ","9","246","486","4","31","81","2","67","156","1","55","83","1","57","98","1","20","24","0","16","44"
"La Playa St&Cabrillo St SE-NS/BZ","0","0","486","0","0","81","0","0","156","0","0","83","0","0","98","0","0","24","0","0","44"
"Cabrillo St&La Playa St NE-NS/SI","0","484","2","0","81","0","0","156","0","0","83","0","0","97","1","0","24","0","0","43","1"
"Total Passenger Boardings ","7231","7284",,"999","1013",,"2027","2037",,"1299","1308",,"2216","2231",,"398","400",,"292","295",
"Subject to disclaimer at www.sfmta.com/tepdata",,,,,,,,,,,,,,,,,,,,,
"Stop","Daily On","Daily Off","Daily Load","AM Peak On","AM Peak Off","AM Peak Load","Midday On","Midday Off","Midday Load","School  On","School Off","School Load","PM Peak On","PM Peak Off","PM Peak Load","Evening On","Evening Off","Evening Load","Owl On","Owl Off","Owl Load"
"5-Fulton to Transbay Terminal Weekday",,,,,,,,,,,,,,,,,,,,,
"Cabrillo St&La Playa St NE-NS/SI","536","0","544","104","0","104","165","0","166","88","0","88","96","0","99","40","0","43","43","0","44"
"La Playa St&Cabrillo St SW-FS/BZ","0","0","544","0","0","104","0","0","166","0","0","88","0","0","99","0","0","43","0","0","44"
"Fulton St&La Playa St SE-FS/BZ","179","2","721","19","0","123","41","1","206","38","0","126","61","1","159","10","0","53","10","0","54"
"Fulton St&46th Ave SE-FS/BZ","82","0","803","37","0","160","26","0","232","7","0","133","9","0","168","1","0","54","2","0","56"
"Fulton St&43rd Ave SW-NS","109","0","912","44","0","204","26","0","258","13","0","146","14","0","182","9","0","63","3","0","59"
"Fulton St&40th Ave SE-FS","72","2","982","28","0","232","27","1","284","7","0","153","7","1","188","1","0","64","2","0","61"
"Fulton St&37th Ave SE-FS/BZ","103","8","1077","38","1","269","29","3","310","13","1","165","16","2","202","0","1","63","7","0","68"
"Fulton St&36th Ave SE-FS/BZ","134","5","1206","50","0","319","38","1","347","21","3","183","19","1","220","2","0","65","4","0","72"
"Fulton St&33rd Ave SW-NS","104","7","1303","43","0","362","29","2","374","16","3","196","14","1","233","0","1","64","2","0","74"
"Fulton St&30th Ave SE-FS","147","14","1436","49","2","409","49","4","419","26","2","220","14","6","241","4","0","68","5","0","79"
"Fulton St&28th Ave SE-FS","76","4","1508","26","1","434","24","0","443","11","2","229","11","1","251","2","0","70","2","0","81"
"Fulton St&25th Ave SE-FS/BZ","219","41","1686","72","10","496","68","14","497","25","3","251","38","12","277","10","1","79","6","1","86"
"Fulton St&22nd Ave SE-FS/BZ","81","9","1758","37","1","532","23","3","517","10","2","259","8","3","282","1","0","80","2","0","88"
"Fulton St&20th Ave SE-FS/BZ","73","13","1818","39","4","567","20","6","531","6","0","265","2","1","283","2","2","80","4","0","92"
"Fulton St&18th Ave SW-NS/BZ","76","17","1877","33","2","598","26","4","553","6","4","267","7","5","285","1","2","79","3","0","95"
"Fulton St&16th Ave SE-FS/BZ","60","12","1925","34","3","629","12","3","562","3","2","268","8","3","290","1","0","80","2","1","96"
"Fulton St&Park Presidio Blvd SW-NS","205","104","2026","52","42","639","67","27","602","30","17","281","38","18","310","12","0","92","6","0","102"
"Fulton St&12th Ave SE-FS/BZ","50","4","2072","10","0","649","21","1","622","8","1","288","10","1","319","1","0","93","0","1","101"
"Fulton St&10th Ave SE-FS/BZ","127","40","2159","34","7","676","35","14","643","29","11","306","20","5","334","5","3","95","4","0","105"
"Fulton St&8th Ave SE-FS/BZ","258","115","2302","52","18","710","81","22","702","37","20","323","67","44","357","15","9","101","6","2","109"
"Fulton St&6th Ave SE-FS/BZ","139","25","2404","49","3","756","38","10","730","18","3","338","25","4","372","2","2","97","7","3","111"
"6th Ave&Fulton St NE-FS/BZ","3","10","5","2","0","2",,,,"1","0","1","0","6","0","0","2","2","0","2","0"
"Fulton St&4th Ave SE-FS/BZ","32","14","2425","10","5","763","11","2","739","2","4","337","4","2","374","2","1","98","3","0","114"
"Fulton St&Arguello Blvd SE-FS/BZ","140","71","2494","50","21","792","45","17","767","15","13","339","20","17","377","6","1","103","4","2","116"
"Fulton St&Stanyan St SE-FS/BZ","121","107","2508","28","19","801","36","42","761","24","22","341","21","13","385","9","7","105","3","4","115"
"Fulton St&Shrader St SE-FS/BZ","268","152","2624","22","41","782","84","71","774","64","17","388","76","18","443","17","2","120","5","3","117"
"Fulton St&Clayton St SE-FS/BZ","251","113","2762","54","31","805","72","42","804","48","8","428","54","19","478","17","5","132","6","8","115"
"Fulton St&Masonic Ave SW-NS/BZ","361","233","2890","76","59","822","107","79","832","58","48","438","73","31","520","33","11","154","14","5","124"
"Mcallister St&Central Ave SE-FS","218","26","3082","73","2","893","62","9","885","25","4","459","37","8","549","15","3","166","6","0","130"
"Mcallister St&Baker St SW-NS/BZ","247","37","3292","105","5","993","70","16","939","26","6","479","29","6","572","5","3","168","12","1","141"
"Mcallister St&Broderick St SW-NS/BZ","100","34","3358","41","2","1032","27","8","958","13","6","486","19","12","579","0","4","164","0","2","139"
"Mcallister St&Divisadero St SW-NS","301","152","3507","99","22","1109","85","44","999","41","30","497","40","38","581","18","14","168","18","4","153"
"Mcallister St&Pierce St SW-NS/BZ","203","60","3650","72","8","1173","59","18","1040","27","10","514","31","16","596","5","4","169","9","4","158"
"Mcallister St&Fillmore St SE-FS/BZ","426","252","3824","122","42","1253","151","91","1100","64","45","533","64","55","605","13","11","171","12","8","162"
"Mcallister St&Webster St SE-FS/BZ","132","27","3929","29","6","1276","49","8","1141","19","8","544","20","4","621","4","0","175","11","1","172"
"Mcallister St&Laguna St SW-NS/BZ","156","67","4018","51","6","1321","40","21","1160","27","16","555","19","15","625","8","5","178","11","4","179"
"785 Mcallister St SE-FS/BZ","33","38","4013","8","2","1327","14","16","1158","3","10","548","5","8","622","0","2","176","3","0","182"
"Mcallister St&Gough St SW-NS/BZ","135","90","4058","37","23","1341","39","24","1173","34","16","566","18","19","621","4","2","178","3","6","179"
"Mcallister St&Van Ness Ave SE-FS","212","617","3653","42","179","1204","66","185","1054","42","89","519","48","105","564","6","36","148","8","23","164"
"Mcallister St&Polk St SW-NS/BZ","104","155","3602","19","60","1163","39","45","1048","28","16","531","17","15","566","0","13","135","1","6","159"
"Mcallister St&Hyde St S-MB","97","404","2980","13","124","1052","35","140","943","20","67","484","27","66","418",,,,"2","7","83"
"Market St&7th St SE-MB/BZ","79","594","2465","15","186","881","31","175","799","22","108","398","11","108","321",,,,"0","17","66"
"Market bet. 6th & 7th SE-MB/BZ","47","131","2381","8","24","865","20","53","766","11","34","375","6","19","308",,,,"2","1","67"
"Market bet. 5th & 6th St SE-MB/BZ","55","304","2132","16","63","818","15","118","663","14","71","318","8","47","269",,,,"2","5","64"
"Market bet. 5th & 4th St SE-MB/BZ","101","542","1691","7","125","700","42","199","506","25","104","239","26","106","189",,,,"1","8","57"
"Market bet. 4th & 3rd St SE-MB/BZ","68","274","1485","4","96","608","24","101","429","21","42","218","19","29","179",,,,"0","6","51"
"Market St&3rd St E-FS/BZ","55","622","918","18","265","361","15","207","237","10","82","146","11","53","137",,,,"1","15","37"
"Market St&1st St S-NS/BZ","32","489","461","6","244","123","9","131","115","9","52","103","8","36","109",,,,"0","26","11"
"Trans Bay Terminal E-NS/SI","0","421","40","0","111","12","0","102","13","0","96","7","0","102","7",,,,"0","10","1"
"Larkin St&Mcallister St NE-FS/SB","0","62","253",,,,,,,,,,"0","32","77","0","23","112","0","7","64"
"Golden Gate Ave&Hyde St SE-FS/BZ","1","20","234",,,,,,,,,,"0","5","72","1","8","105","0","7","57"
"Golden Gate Ave&Leavenworth St-NS","0","7","227",,,,,,,,,,"0","1","71","0","3","102","0","3","54"
"Mcallister St&7th St NE-NS/BZ","0","221","6",,,,,,,,,,"0","69","2","0","100","2","0","52","2"
"Total Passenger Boardings ","6808","6768",,"1877","1865",,"2092","2080",,"1105","1098",,"1195","1189",,"282","281",,"257","255",
"Subject to disclaimer at www.sfmta.com/tepdata",,,,,,,,,,,,,,,,,,,,,
