"Stop","Daily On","Daily Off","Daily Load","AM Peak On","AM Peak Off","AM Peak Load","Midday On","Midday Off","Midday Load","School  On","School Off","School Load","PM Peak On","PM Peak Off","PM Peak Load","Evening On","Evening Off","Evening Load","Owl On","Owl Off","Owl Load"
"66-Quintara to 30th Avenue & Vincent Weekday",,,,,,,,,,,,,,,,,,,,,
"9th Ave&Judah St SW-FS/BZ","239","0","251","17","0","22","62","0","64","48","0","50","82","0","83","17","0","17","13","0","15"
"9th Ave&Kirkham St NW-NS/BZ","25","2","274","10","0","32","3","0","67","3","0","53","8","2","89","1","0","18","0","0","15"
"9th Ave&Lawton St NW-NS/RC","23","3","294","13","3","42","2","0","69","1","0","54","6","0","95","1","0","19","0","0","15"
"Lawton St&11th Ave NE-NS","20","11","303","8","3","47","8","3","74","1","0","55","1","4","92","2","1","20","0","0","15"
"Lawton St&Funston Ave NE-NS","8","13","298","0","0","47","5","4","75","0","4","51","3","2","93","0","2","18","0","1","14"
"Lawton St&Lomita Ave NE-NS","3","8","293","1","1","47","1","0","76","0","2","49","1","5","89","0","0","18","0","0","14"
"16th Ave&Lawton St NW-NS","1","7","287","1","0","48","0","2","74","0","1","48","0","1","88","0","3","15","0","0","14"
"16th Ave & Lawton St. SW","3","9","281","2","0","50","1","3","72","0","1","47","0","3","85","0","1","14","0","1","13"
"16th Ave&Lomita Ave NW-NS","3","4","280","0","0","50","3","3","72","0","1","46","0","0","85","0","0","14","0","0","13"
"16th Ave&Moraga St NW-NS","0","3","277","0","0","50","0","0","72","0","0","46","0","3","82","0","0","14","0","0","13"
"Noriega St&16th Ave SE-FS","3","11","269","0","3","47","0","0","72","0","0","46","1","7","76","2","1","15","0","0","13"
"15th Ave&Noriega St SW-FS","1","13","257","0","2","45","0","1","71","0","5","41","1","3","74","0","1","14","0","1","12"
"15th Ave&Ortega St NW-NS","2","6","253","0","1","44","2","2","71","0","1","40","0","2","72","0","0","14","0","0","12"
"15th Ave&Pacheco St NW-NS","0","8","245","0","0","44","0","3","68","0","2","38","0","3","69","0","0","14","0","0","12"
"15th Ave&Quintara St NW-NS","0","7","238","0","0","44","0","3","65","0","2","36","0","1","68","0","1","13","0","0","12"
"Quintara St&17th Ave NW-FS","1","6","233","0","0","44","1","4","62","0","0","36","0","2","66","0","0","13","0","0","12"
"Quintara St&19th Ave NE-NS","13","20","226","2","2","44","4","4","62","3","4","35","3","7","62","1","1","13","0","2","10"
"Quintara St&22nd Ave NE-NS","12","29","209","4","6","42","3","12","53","5","6","34","0","2","60","0","1","12","0","2","8"
"Quintara St&24th Ave NE-NS","6","43","172","0","24","18","1","4","50","3","5","32","2","9","53","0","1","11","0","0","8"
"Quintara St&26th Ave NE-NS","2","13","161","0","1","17","1","3","48","0","1","31","1","4","50","0","4","7","0","0","8"
"Quintara St&27th Ave NE-NS","0","9","152","0","2","15","0","2","46","0","1","30","0","4","46","0","0","7","0","0","8"
"Quintara St&28th Ave NE-NS","0","5","147","0","0","15","0","1","45","0","2","28","0","2","44","0","0","7","0","0","8"
"Quintara St&29th Ave NE-NS","0","10","137","0","0","15","0","5","40","0","1","27","0","2","42","0","0","7","0","2","6"
"30th Ave&Quintara St SW-FS","6","19","124","4","3","16","1","8","33","0","2","25","1","5","38","0","1","6","0","0","6"
"30th Ave&Rivera St NW-NS","3","13","114","3","1","18","0","3","30","0","3","22","0","5","33","0","1","5","0","0","6"
"30th Ave&Santiago St NW-NS","7","21","100","4","3","19","3","8","25","0","5","17","0","5","28","0","0","5","0","0","6"
"30th Ave&Taraval St NW-NS","4","15","89","2","3","18","2","3","24","0","4","13","0","4","24","0","0","5","0","1","5"
"30th Ave&Ulloa St NW-NS","13","30","72","6","9","15","4","5","23","0","4","9","0","10","14","1","1","5","2","1","6"
"Vicente St&30th Ave SE-FS/BZ","0","55","17","0","4","11","0","19","4","0","9","0","0","14","0","0","5","0","0","4","2"
"Total Passenger Boardings ","398","393",,"77","71",,"107","105",,"64","66",,"110","111",,"25","25",,"15","15",
"Subject to disclaimer at www.sfmta.com/tepdata",,,,,,,,,,,,,,,,,,,,,
"Stop","Daily On","Daily Off","Daily Load","AM Peak On","AM Peak Off","AM Peak Load","Midday On","Midday Off","Midday Load","School  On","School Off","School Load","PM Peak On","PM Peak Off","PM Peak Load","Evening On","Evening Off","Evening Load","Owl On","Owl Off","Owl Load"
"66-Quintara to 9th Avenue & Judah+A31 Weekday",,,,,,,,,,,,,,,,,,,,,
"Vicente St&30th Ave SE-FS/BZ","64","0","87","11","0","18","21","0","28","8","0","9","16","0","20","6","0","8","2","0","4"
"29th Ave&Vicente St NE-FS","0","0","87","0","0","18","0","0","28","0","0","9","0","0","20","0","0","8","0","0","4"
"Ulloa St&30th Ave NE-NS","4","0","91","1","0","19","2","0","30","0","0","9","0","0","20","1","0","9","0","0","4"
"30th Ave&Taraval St SE-NS","30","3","118","5","0","24","15","2","43","1","0","10","5","1","24","2","0","11","2","0","6"
"30th Ave&Santiago St SE-NS","20","2","136","6","0","30","8","2","49","1","0","11","5","0","29","0","0","11","0","0","6"
"30th Ave&Rivera St SE-NS","7","0","143","2","0","32","4","0","53","1","0","12","0","0","29","0","0","11","0","0","6"
"30th Ave&Quintara St SE-NS","17","10","150","3","2","33","6","5","54","5","2","15","3","0","32","0","1","10","0","0","6"
"Quintara St&29th Ave SW-NS","7","4","153","1","0","34","4","1","57","0","0","15","2","1","33","0","1","9","0","1","5"
"Quintara St&28th Ave SW-NS","4","7","150","2","0","36","1","2","56","0","2","13","0","3","30","1","0","10","0","0","5"
"Quintara St&27th Ave SW-NS","10","4","156","1","0","37","4","4","56","3","0","16","0","0","30","0","0","10","2","0","7"
"Quintara St&26th Ave SE-FS","7","5","158","1","0","38","6","1","61","0","0","16","0","1","29","0","2","8","0","1","6"
"Quintara St&24th Ave SW-NS","36","8","186","3","4","37","17","0","78","13","2","27","2","1","30","0","1","7","1","0","7"
"Quintara St&22nd Ave SW-NS","21","11","196","3","5","35","15","3","90","0","0","27","1","1","30","1","0","8","1","2","6"
"Quintara St&19th Ave SW-NS","49","30","215","4","9","30","24","14","100","14","3","38","4","4","30","0","0","8","3","0","9"
"Quintara St&17th Ave SW-NS","7","4","218","1","2","29","4","1","103","1","1","38","0","0","30","1","0","9","0","0","9"
"14th Ave&Santiago St SE-NS","36","0","36",,,,,,,"36","0","36",,,,,,,,,
"Quintara St&16th Ave SW-NS","7","3","258","1","0","30","5","2","106","0","1","73","0","0","30","1","0","10","0","0","9"
"16th Ave&Pacheco St SE-NS","7","6","259","2","0","32","3","2","107","1","0","74","0","3","27","1","1","10","0","0","9"
"16th Ave&Ortega St SE-NS","5","0","264","1","0","33","4","0","111","0","0","74","0","0","27","0","0","10","0","0","9"
"16th Ave&Noriega St SE-NS","5","4","265","3","0","36","1","2","110","1","2","73","0","0","27","0","0","10","0","0","9"
"16th Ave&Moraga St E-MI","14","7","272","9","3","42","4","1","113","0","0","73","1","1","27","0","0","10","0","2","7"
"16th Ave&Lawton St E-MI","1","5","268","1","0","43","0","0","113","0","5","68","0","0","27","0","0","10","0","0","7"
"Lawton St&Lomita Ave SW-NS","4","5","267","2","0","45","1","1","113","0","2","66","1","1","27","0","1","9","0","0","7"
"Lawton St&Funston Ave SE-FS","3","11","259","3","1","47","0","3","110","0","7","59","0","0","27","0","0","9","0","0","7"
"Lawton St&11th Ave SW-NS","7","9","257","1","1","47","0","6","104","6","1","64","0","1","26","0","0","9","0","0","7"
"Lawton St&9th Ave SW-NS","1","56","202","0","13","34","0","22","82","0","11","53","0","8","18","0","1","8","1","1","7"
"9th Ave&Kirkham St SE-NS/BZ","0","0","27",,,,,,,"0","0","27",,,,,,,,,
"9th Ave&Judah St SE-NS/BZ","1","21","7",,,,,,,"1","21","7",,,,,,,,,
"9th Ave&Judah St SW-FS/BZ","0","171","4","0","32","2","0","81","1","0","25","1","0","18","0","0","8","0","0","7","0"
"Judah St&7th Ave SW-NS/BZ","0","1","6",,,,,,,"0","1","6",,,,,,,,,
"Judah St&5th Ave SW-NS","0","0","6",,,,,,,"0","0","6",,,,,,,,,
"Parnassus Ave&4th Ave SE-FS/BZ","0","0","6",,,,,,,"0","0","6",,,,,,,,,
"513 Parnassus Ave SE-FS/BZ","0","0","6",,,,,,,"0","0","6",,,,,,,,,
"Parnassus Ave&Hillway Ave SW","0","0","6",,,,,,,"0","0","6",,,,,,,,,
"Parnassus Ave&Willard St SW-NS","0","0","6",,,,,,,"0","0","6",,,,,,,,,
"Parnassus Ave&Stanyan St SW-NS/BZ","0","0","6",,,,,,,"0","0","6",,,,,,,,,
"Stanyan St&Frederick St NE-FS/BZ","0","1","5",,,,,,,"0","1","5",,,,,,,,,
"Haight St&Stanyan St SE-FS/BZ","0","0","5",,,,,,,"0","0","5",,,,,,,,,
"Haight St&Cole St SW-NS/BZ","0","0","5",,,,,,,"0","0","5",,,,,,,,,
"Haight St&Clayton St SW-NS/BZ","0","0","5",,,,,,,"0","0","5",,,,,,,,,
"Haight St&Masonic Ave SE-FS/BZ","0","5","0",,,,,,,"0","5","0",,,,,,,,,
"Total Passenger Boardings ","374","393",,"67","72",,"149","155",,"92","92",,"40","44",,"14","16",,"12","14",
"Subject to disclaimer at www.sfmta.com/tepdata",,,,,,,,,,,,,,,,,,,,,
