"Stop","Daily On","Daily Off","Daily Load","AM Peak On","AM Peak Off","AM Peak Load","Midday On","Midday Off","Midday Load","School  On","School Off","School Load","PM Peak On","PM Peak Off","PM Peak Load","Evening On","Evening Off","Evening Load","Owl On","Owl Off","Owl Load"
"F-line to Jefferson & Powell",,,,,,,,,,,,,,,,,,,,,
"San Jose Ave&Geneva Ave-FS/SI","0","0","0","0","0","0","0","0","0","0","0","0","0","0","0",,,,"0","0","0"
"San Jose Ave&Geneva Ave E-FS/BZ","9","0","9","9","0","9","0","0","0","0","0","0","0","0","0",,,,"0","0","0"
"San Jose Ave&Ocean Ave SE-NS/SI","10","0","19","8","0","17","0","0","0","0","0","0","0","0","0",,,,"2","0","2"
"San Jose Ave&Santa Ynez Ave S-NS/SI","5","0","24","4","0","21","0","0","0","0","0","0","0","0","0",,,,"1","0","3"
"San Jose Ave&Santa Rosa Ave E-FS","18","0","42","18","0","39","0","0","0","0","0","0","0","0","0",,,,"0","0","3"
"Glen Park Station E-NS/SI","3","14","31","3","14","28","0","0","0","0","0","0","0","0","0",,,,"0","0","3"
"San Jose Ave&Randall St S-NS/SI","4","4","31","4","4","28","0","0","0","0","0","0","0","0","0",,,,"0","0","3"
"30th St&Dolores St NE-NS/BZ","2","3","30","0","3","25","0","0","0","0","0","0","0","0","0",,,,"2","0","5"
"Church St&30th St **","13","0","43","13","0","38","0","0","0","0","0","0","0","0","0",,,,"0","0","5"
"Church St&29th St SE-NS/SI","0","0","43","0","0","38","0","0","0","0","0","0","0","0","0",,,,"0","0","5"
"Church St&27th St SE-NS","9","0","52","8","0","46","0","0","0","0","0","0","0","0","0",,,,"1","0","6"
"Church St&Clipper St SE-NS","5","0","57","3","0","49","0","0","0","0","0","0","0","0","0",,,,"2","0","8"
"Church St&24th St SE-NS/SI","2","3","56","1","3","47","0","0","0","0","0","0","0","0","0",,,,"1","0","9"
"Church St&22nd St SE-NS","0","9","47","0","9","38","0","0","0","0","0","0","0","0","0",,,,"0","0","9"
"Right Of Way&21st St SE-NS","0","0","47","0","0","38","0","0","0","0","0","0","0","0","0",,,,"0","0","9"
"Right Of Way&Liberty St SE-NS","0","0","47","0","0","38","0","0","0","0","0","0","0","0","0",,,,"0","0","9"
"Right Of Way&20th St NE-NS","0","0","47","0","0","38","0","0","0","0","0","0","0","0","0",,,,"0","0","9"
"Right Of Way&18th St SE-NS","5","15","37","4","15","27","0","0","0","0","0","0","0","0","0",,,,"1","0","10"
"Church St&17th St **-MI","10","3","44","2","3","26","0","0","0","0","0","0","0","0","0",,,,"8","0","18"
"Church St&16th St SE-NS/SI","0","0","0",,,,,,,,,,,,,,,,"0","0","0"
"Church St&Market St SE-NS/SI","0","0","0",,,,,,,,,,,,,,,,"0","0","0"
"17th St&Castro St NE-NS/SI","762","15","791","117","13","130","238","0","238","98","0","98","200","0","200","51","0","51","58","2","74"
"Market St&Noe St S-NS/SI","179","9","961","45","0","175","47","1","284","32","1","129","35","6","229","8","0","59","12","1","85"
"Market St&Sanchez St S-NS","186","10","1137","60","1","234","54","2","336","24","2","151","37","4","262","9","0","68","2","1","86"
"Market St&Church St S-NS/SI","419","93","1463","73","8","299","135","31","440","53","13","191","83","20","325","42","10","100","33","11","108"
"Market St&Dolores St S-NS/SI","244","26","1681","32","2","329","91","10","521","61","4","248","40","5","360","13","3","110","7","2","113"
"Market St&Guerrero St S-NS/SI","297","65","1913","93","5","417","110","15","616","40","7","281","34","22","372","4","5","109","16","11","118"
"Market St&Gough St S-NS/SI","354","121","2146","72","15","474","137","41","712","64","17","328","47","37","382","17","7","119","17","4","131"
"Market St&South Van Ness Av S-N/SI","530","257","2442","76","64","486","187","93","826","67","39","358","112","38","457","37","9","147","51","14","168"
"Market St&9th St S-NS/SI","318","179","2581","49","41","494","125","61","890","50","28","380","63","26","494","16","8","155","15","15","168"
"Market St&8th St S-NS/SI","367","247","2701","27","33","488","184","78","996","70","39","411","51","59","486","17","6","166","18","32","154"
"Market St&7th St S-NS/SI","579","255","3025","125","37","576","212","109","1099","94","35","470","99","34","551","17","25","158","32","15","171"
"Market St&6th St S-NS/SI","273","287","3011","39","43","572","117","107","1109","41","35","476","35","65","521","21","14","165","20","23","168"
"Market St&5th St S-NS/SI","657","624","3044","101","69","604","254","233","1130","98","94","480","161","135","547","23","53","135","20","40","148"
"Market St&4th St S-NS/SI","853","468","3429","76","72","608","390","198","1322","126","64","542","202","90","659","49","25","159","10","19","139"
"Market St&3rd St S-NS/SI","415","708","3136","45","137","516","175","289","1208","68","111","499","101","108","652","12","30","141","14","33","120"
"Market St&New Montgomery St NS/SI","268","322","3082","80","80","516","86","152","1142","44","30","513","41","37","656","2","13","130","15","10","125"
"Market St&1st St S-NS/BZ","237","371","2948","63","114","465","73","116","1099","39","44","508","51","55","652","7","21","116","4","21","108"
"Market St&Main St S-NS/SI","718","306","3360","276","103","638","234","104","1229","88","29","567","73","46","679","20","11","125","27","13","122"
"Ferry Plaza S-MB","262","238","3384","51","28","661","94","95","1228","37","39","565","71","61","689","4","9","120","5","6","121"
"Ferry Terminal SE-NS","1186","228","4342","231","16","876","521","67","1682","144","68","641","208","65","832","44","6","158","38","6","153"
"The Embarcadero&Washington St N","123","32","4433","10","2","884","63","15","1730","10","10","641","32","4","860","5","0","163","3","1","155"
"The Embarcadero&Broadway NE-FS/SI","49","103","4379","3","23","864","17","17","1730","8","17","632","16","42","834","5","1","167","0","3","152"
"The Embarcadero&Green St NE-FS/SI","31","138","4272","7","57","814","10","28","1712","1","12","621","12","38","808","1","1","167","0","2","150"
"The Embarcadero&Greenwich St SE","32","218","4086","8","73","749","12","79","1645","6","31","596","4","28","784","2","1","168","0","6","144"
"Embarcadero & Sansome St E-NS SI","38","299","3825","5","122","632","9","115","1539","4","27","573","8","20","772","0","4","164","12","11","145"
"The Embarcadero&Bay St NE-FS/SI","64","517","3372","0","97","535","34","270","1303","14","46","541","15","85","702","1","9","156","0","10","135"
"The Embarcadero&Stockton St NE","179","1678","1873","8","258","285","24","749","578","55","258","338","83","336","449","7","43","120","2","34","103"
"Jefferson St&Powell St NW-FS","21","492","1402","0","103","182","14","137","455","3","90","251","3","127","325","1","20","101","0","15","88"
"Total Passenger Boardings ","9779","9779",,"1851","1851",,"3655","3655",,"1455","1455",,"1931","1931",,"438","438",,"449","449",
"Subject to disclaimer at www.sfmta.com/tepdata",,,,,,,,,,,,,,,,,,,,,
,,,,,,,,,,,,,,,,,,
"Stop","Daily On","Daily Off","Daily Load","AM Peak On","AM Peak Off","AM Peak Load","Midday On","Midday Off","Midday Load","School  On","School Off","School Load","PM Peak On","PM Peak Off","PM Peak Load","Evening On","Evening Off","Evening Load","Owl On","Owl Off","Owl Load"
"F-line to Castro Street",,,,,,,,,,,,,,,,,,,,,
"Jones St&Beach St NW-NS","1568","0","1568","86","0","86","317","0","317","249","0","249","586","0","586","260","0","260","70","0","70"
"Beach St&Mason St SW-NS","546","16","2098","38","0","124","126","2","441","94","2","341","173","6","753","70","4","326","45","2","113"
"Beach St&Stockton St SW-NS","1005","28","3075","81","1","204","271","10","702","92","7","426","356","8","1101","161","1","486","44","1","156"
"The Embarcadero&Bay St NW-NS","556","46","3585","31","2","233","148","29","821","121","7","540","176","8","1269","65","0","551","15","0","171"
"The Embarcadero&Sansome St SW","249","21","3813","18","0","251","52","7","866","44","10","574","105","3","1371","21","1","571","9","0","180"
"The Embarcadero&Greenwich St SW","121","33","3901","3","4","250","18","3","881","10","16","568","51","4","1418","30","4","597","9","2","187"
"The Embarcadero&Green St SW-FS/SI","61","17","3945","1","0","251","16","2","895","3","2","569","36","12","1442","5","0","602","0","1","186"
"The Embarcadero&Broadway SW-FS/SI","24","71","3898","4","3","252","7","26","876","3","14","558","9","15","1436","1","13","590","0","0","186"
"The Embarcadero&Washington St S","68","265","3701","5","6","251","20","66","830","10","53","515","28","126","1338","5","13","582","0","1","185"
"The Embarcadero&Ferry Building W-MB","187","574","3314","46","42","255","61","126","765","26","73","468","39","246","1131","13","84","511","2","3","184"
"Ferry Plaza N-MB","111","167","3258","11","43","223","33","47","751","12","33","447","33","28","1136","19","7","523","3","9","178"
"Market St&Drumm St NE-NS","382","861","2779","37","47","213","110","127","734","65","139","373","104","315","925","45","174","394","21","59","140"
"Market St&Battery St N-NS/SI","316","170","2925","26","26","213","97","36","795","45","33","385","95","59","961","30","14","410","23","2","161"
"Market St&2nd St N-NS/SI","331","258","2998","18","43","188","106","80","821","66","33","418","86","66","981","41","28","423","14","8","167"
"Market St&Kearny St N-NS/SI","428","349","3077","56","21","223","135","110","846","68","48","438","103","103","981","47","59","411","19","8","178"
"Market St&Stockton St N-NS/SI","578","800","2855","40","44","219","187","256","777","107","97","448","137","267","851","69","118","362","38","18","198"
"Market St&5th  St N-NS/SI","655","644","2866","36","27","228","238","194","821","85","94","439","148","209","790","97","96","363","51","24","225"
"Market St&Taylor St N-NS/SI","286","254","2898","25","35","218","87","83","825","58","33","464","73","56","807","22","20","365","21","27","219"
"Market St&7th St N-NS/BZ","281","391","2788","21","43","196","104","129","800","42","41","465","60","83","784","40","61","344","14","34","199"
"Market St&Hyde St N-NS/BZ","277","495","2570","32","43","185","82","187","695","50","60","455","73","124","733","31","68","307","9","13","195"
"Market St&Larkin St N-NS/SI","135","247","2458","10","27","168","44","91","648","15","58","412","46","38","741","14","20","301","6","13","188"
"Market St&Van Ness Ave N-NS/SI","295","658","2095","27","68","127","96","216","528","58","131","339","67","154","654","34","45","290","13","44","157"
"Market St&Gough St N-NS/SI","90","294","1891","2","15","114","32","97","463","11","27","323","30","93","591","9","45","254","6","17","146"
"Market St&Laguna St N-NS/SI","79","285","1685","17","14","117","26","76","413","9","45","287","19","102","508","8","33","229","0","15","131"
"Market St&Buchanan St N-NS/SI","19","213","1491","2","21","98","3","55","361","3","42","248","7","59","456","4","27","206","0","9","122"
"Market St&Church St N-NS/SI","73","495","1069","4","25","77","21","122","260","7","67","188","22","166","312","17","68","155","2","47","77"
"Market St&Sanchez St N-NS/SI","9","185","893","0","24","53","1","34","227","1","54","135","4","43","273","3","28","130","0","2","75"
"Market St&Noe St N-NS/SI","6","286","613","0","20","33","1","60","168","0","40","95","5","105","173","0","44","86","0","17","58"
"17th St&Noe St *-MI","0","67","26","0","3","0","0","2","0",,,,"0","33","18","0","2","7","0","27","1"
"17th St&Castro St NE-NS/SI","0","520","0","0","30","0","0","166","0","0","95","0","0","122","0","0","77","0","0","30","0"
"17th St&Church St *-MI","0","19","7",,,,,,,,,,"0","14","4","0","5","2","0","0","1"
"Church St&18th St NW-NS/SI","5","0","12",,,,,,,,,,"5","0","9","0","0","2","0","0","1"
"Right Of Way&20th St NW-NS","0","1","11",,,,,,,,,,"0","1","8","0","0","2","0","0","1"
"Right Of Way&Liberty St NW-NS","0","0","11",,,,,,,,,,"0","0","8","0","0","2","0","0","1"
"Right Of Way&21st St NW-NS","0","0","11",,,,,,,,,,"0","0","8","0","0","2","0","0","1"
"Right Of Way&22nd St NW-NS","0","0","11",,,,,,,,,,"0","0","8","0","0","2","0","0","1"
"Church St&24th St NW-NS/SI","0","4","7",,,,,,,,,,"0","4","4","0","0","2","0","0","1"
"Church St&Clipper St NW-NS","0","0","7",,,,,,,,,,"0","0","4","0","0","2","0","0","1"
"Church St&27th St NW-NS","0","0","7",,,,,,,,,,"0","0","4","0","0","2","0","0","1"
"Church St&Day St-FS","0","0","7",,,,,,,,,,"0","0","4","0","0","2","0","0","1"
"Church St&30th St NE-FS","0","0","7",,,,,,,,,,"0","0","4","0","0","2","0","0","1"
"30th St&Dolores St SW-NS/BZ","0","1","6",,,,,,,,,,"0","0","4","0","0","2","0","1","0"
"San Jose Ave&Randall St W-FS/SI","0","0","6",,,,,,,,,,"0","0","4","0","0","2","0","0","0"
"Glen Park Station W-FS/SI","0","0","6",,,,,,,,,,"0","0","4","0","0","2","0","0","0"
"San Jose Ave&Santa Rosa Ave N-NS/SI","0","0","6",,,,,,,,,,"0","0","4","0","0","2","0","0","0"
"San Jose Ave&Santa Ynez Ave-NS","0","0","6",,,,,,,,,,"0","0","4","0","0","2","0","0","0"
"San Jose Ave&Ocean Ave NW-NS/SI","0","0","6",,,,,,,,,,"0","0","4","0","0","2","0","0","0"
"San Jose Ave&Geneva Ave W-FS/BZ","0","6","0",,,,,,,,,,"0","4","0","0","2","0","0","0","0"
"Total Passenger Boardings ","8741","8741",,"677","677",,"2439","2439",,"1354","1354",,"2676","2676",,"1161","1161",,"434","434",
"Subject to disclaimer at www.sfmta.com/tepdata",,,,,,,,,,,,,,,,,,,,,
,,,,,,,,,,,,,,,,,,
