"Stop","Daily On","Daily Off","Daily Load","AM Peak On","AM Peak Off","AM Peak Load","Midday On","Midday Off","Midday Load","School  On","School Off","School Load","PM Peak On","PM Peak Off","PM Peak Load","Evening On","Evening Off","Evening Load","Owl On","Owl Off","Owl Load"
"17-ParkMerced to SF State Weekday",,,,,,,,,,,,,,,,,,,,,
"West Portal Station N-FS","382","0","387","39","0","44","72","0","72","49","0","49","115","0","115","66","0","66","41","0","41"
"West Portal Ave&Vicente St N-NS","7","0","394","0","0","44","1","0","73","1","0","50","1","0","116","3","0","69","1","0","42"
"West Portal Ave&14th Ave N-NS/FL","70","3","461","3","0","47","25","0","98","10","0","60","18","1","133","11","1","79","3","1","44"
"15th Ave&West Portal Ave S-FS","2","0","463","0","0","47","1","0","99","0","0","60","1","0","134","0","0","79","0","0","44"
"Junipero Serra Blvd&Sloat Blvd SW","9","5","467","2","0","49","2","0","101","3","1","62","1","3","132","0","0","79","1","1","44"
"Junipero Serra Blvd&Ocean Ave NW-NS","14","13","468","1","2","48","4","4","101","5","1","66","3","4","131","1","2","78","0","0","44"
"Eucalyptus Dr&19th Ave NE-NS","9","19","458","0","12","36","4","1","104","2","1","67","1","3","129","1","2","77","1","0","45"
"20th Ave&Buckingham Way NW-NS","8","29","437","0","3","33","4","13","95","2","6","63","1","5","125","0","1","76","1","1","45"
"20th Ave&Macy SW-FS/FL","7","25","419","1","3","31","1","9","87","1","5","59","4","7","122","0","1","75","0","0","45"
"20th Ave&Winston Dr SW-FS","26","57","388","0","3","28","2","13","76","7","14","52","8","15","115","8","10","73","1","2","44"
"95 Buckingham Way NE-NS/BZ","1","10","379","0","1","27","0","1","75","1","1","52","0","4","111","0","2","71","0","1","43"
"175 Buckingham Way NE-NS/BZ","3","22","360","1","4","24","1","4","72","0","3","49","1","5","107","0","3","68","0","3","40"
"280 Buckingham Way SE-NS/BZ","2","30","332","1","0","25","1","6","67","0","5","44","0","11","96","0","7","61","0","1","39"
"Winston Dr&Buckingham Way S-FS/BZ","2","5","329","1","1","25","1","1","67","0","0","44","0","1","95","0","0","61","0","2","37"
"Winston Dr&20th Ave SE-FS/BZ","38","8","359","4","1","28","7","3","71","9","0","53","10","3","102","5","1","65","3","0","40"
"19th Ave&Holloway Ave NW-NS/SI","36","74","321","1","19","10","5","18","58","9","9","53","11","12","101","9","8","66","1","8","33"
"Crespi Dr&Varela Ave NE-NS/FL","1","9","313","0","0","10","0","1","57","0","0","53","0","4","97","1","2","65","0","2","31"
"Gonzalez Dr&Cardenas Ave NW-NS","1","8","306","1","0","11","0","1","56","0","2","51","0","2","95","0","1","64","0","2","29"
"Cambon Dr&Castelo Ave SW-FS","2","24","284","0","2","9","2","3","55","0","6","45","0","9","86","0","3","61","0","1","28"
"Cambon Dr&Font Blvd NW-NS","1","33","252","1","4","6","0","7","48","0","3","42","0","5","81","0","7","54","0","7","21"
"Font Blvd&Chumasero Dr S-FS","0","0","252","0","0","6","0","0","48","0","0","42","0","0","81","0","0","54","0","0","21"
"Font Blvd&Cambon Dr E-NS","36","91","197","8","3","11","13","18","43","9","20","31","5","26","60","1","20","35","0","4","17"
"Font Blvd&Gonzalez Dr E-NS","4","16","185","2","0","13","1","5","39","0","1","30","1","7","54","0","2","33","0","1","16"
"Font Blvd&Juan Bautista Cir E-NS","1","9","177","0","1","12","0","2","37","0","1","29","0","5","49","1","0","34","0","0","16"
"Juan Bautista Cir&Font Blvd NE-NS","2","10","169","0","0","12","1","1","37","1","1","29","0","5","44","0","3","31","0","0","16"
"Font Blvd&Serrano Dr E-NS","3","35","137","1","4","9","1","6","32","0","6","23","1","10","35","0","7","24","0","2","14"
"Font Blvd&Tapia Dr E-NS","3","11","129","0","0","9","1","5","28","0","2","21","2","3","34","0","0","24","0","1","13"
"Font Blvd&Arballo Dr E-NS","3","10","122","0","2","7","1","2","27","0","2","19","0","0","34","0","2","22","2","2","13"
"Arballo Dr&Pinto Dr NW-NS","0","0","122","0","0","7","0","0","27","0","0","19","0","0","34","0","0","22","0","0","13"
"Arballo Dr&Acevedo Ave NW-NS","0","81","41","0","1","6","0","12","15","0","12","7","0","24","10","0","21","1","0","11","2"
"Total Passenger Boardings ","673","637",,"67","66",,"151","136",,"109","102",,"184","174",,"107","106",,"55","53",
"Subject to disclaimer at www.sfmta.com/tepdata",,,,,,,,,,,,,,,,,,,,,
"Stop","Daily On","Daily Off","Daily Load","AM Peak On","AM Peak Off","AM Peak Load","Midday On","Midday Off","Midday Load","School  On","School Off","School Load","PM Peak On","PM Peak Off","PM Peak Load","Evening On","Evening Off","Evening Load","Owl On","Owl Off","Owl Load"
"17-ParkMerced to West Portal Weekday",,,,,,,,,,,,,,,,,,,,,
"Arballo Dr&Acevedo Ave NW-NS","73","0","133","27","0","28","24","0","36","10","0","18","7","0","22","3","0","17","2","0","12"
"Arballo Dr&Higuera Ave NW-NS","9","12","130","1","1","28","5","1","40","0","1","17","2","5","19","1","4","14","0","0","12"
"Arballo Dr&Gonzalez Dr SW-FS","34","24","140","13","0","41","10","6","44","8","7","18","1","7","13","2","4","12","0","0","12"
"Arballo Dr&Garces Dr NW-NS","11","12","139","4","0","45","5","1","48","0","2","16","1","3","11","1","4","9","0","2","10"
"Garces Dr&Bucareli Dr W-NS","18","11","146","8","0","53","3","2","49","3","0","19","2","2","11","2","4","7","0","3","7"
"Garces Dr&Grijalva Dr SE-FS","7","8","145","3","2","54","3","0","52","1","1","19","0","4","7","0","1","6","0","0","7"
"Garces Dr&Gonzalez Dr SW-NS","12","6","151","6","0","60","3","1","54","1","1","19","1","2","6","1","2","5","0","0","7"
"Gonzalez Dr&Josepha Ave SE-FS","1","2","150","1","0","61","0","0","54","0","0","19","0","1","5","0","1","4","0","0","7"
"Gonzalez Dr&Font Blvd S-NS","12","0","162","4","0","65","6","0","60","1","0","20","1","0","6","0","0","4","0","0","7"
"Font Blvd&Cambon Dr W-NS","0","0","162","0","0","65","0","0","60","0","0","20","0","0","6","0","0","4","0","0","7"
"Font Blvd&Chumasero Dr S-FS","1","0","163","0","0","65","1","0","61","0","0","20","0","0","6","0","0","4","0","0","7"
"Font Blvd&Cambon Dr E-NS","66","3","226","25","1","89","22","1","82","9","1","28","8","0","14","2","0","6","0","0","7"
"Cambon Dr&Castelo St SE-NS","35","7","254","11","0","100","12","3","91","3","2","29","8","1","21","0","1","5","1","0","8"
"Cardenas Ave&Gonzalez Dr NE-NS","1","0","255","0","0","100","0","0","91","1","0","30","0","0","21","0","0","5","0","0","8"
"Crespi Dr&19th Ave SW-NS","8","8","255","2","3","99","4","3","92","1","0","31","0","2","19","1","0","6","0","0","8"
"19th Ave&Holloway Ave NE-FS/BZ","70","57","268","9","26","82","11","18","85","9","7","33","17","4","32","18","1","23","6","1","13"
"Winston Dr&20th Ave NE-NS","33","29","272","3","2","83","4","10","79","6","7","32","11","7","36","4","2","25","5","1","17"
"Buckingham Way&Winston Dr W-FS","14","2","284","8","0","91","3","2","80","1","0","33","1","0","37","1","0","26","0","0","17"
"280 Buckingham Way NW-NS","25","5","304","11","1","101","10","1","89","2","1","34","1","2","36","1","0","27","0","0","17"
"197 Buckingham Way SW-NS/BZ","17","1","320","10","0","111","5","0","94","2","0","36","0","1","35","0","0","27","0","0","17"
"95 Buckingham Way SW-NS","4","0","324","1","0","112","2","0","96","0","0","36","1","0","36","0","0","27","0","0","17"
"20th Ave&Winston Dr SE-NS","43","11","356","9","1","120","12","4","104","5","3","38","10","2","44","4","1","30","3","0","20"
"Stonestown Mall at Macy's E-MB","7","1","362","0","0","120","2","0","106","0","0","38","4","1","47","0","0","30","1","0","21"
"20th Ave&Buckingham Way NE-FS","28","12","378","1","5","116","12","6","112","7","1","44","7","0","54","1","0","31","0","0","21"
"Eucalyptus Dr&19th Ave SE-FS/BZ","80","10","448","15","3","128","7","4","115","39","1","82","16","1","69","3","0","34","0","1","20"
"Eucalyptus Dr&Junipero Serra SW-NS","4","9","443","1","2","127","0","4","111","1","2","81","2","0","71","0","1","33","0","0","20"
"Junipero Serra Blvd & Ocean Ave NE","25","19","449","7","9","125","2","0","113","3","3","81","4","2","73","2","2","33","7","3","24"
"West Portal Ave&Sloat Blvd NE-FS/FL","18","13","454","12","9","128","6","2","117","0","1","80","0","1","72","0","0","33","0","0","24"
"West Portal Ave&15th Ave S-NS","1","2","453","0","0","128","0","1","116","1","1","80","0","0","72","0","0","33","0","0","24"
"West Portal Ave&14th Ave S-NS/FL","16","37","432","1","4","125","4","20","100","1","9","72","4","3","73","3","1","35","3","0","27"
"West Portal Ave&Vicente St S-NS","2","20","414","0","4","121","1","7","94","0","4","68","1","4","70","0","1","34","0","0","27"
"West Portal Station N-FS","0","385","29","0","121","0","0","94","0","0","68","0","0","61","9","0","22","12","0","19","8"
"Total Passenger Boardings ","675","706",,"193","194",,"179","191",,"115","123",,"110","116",,"50","52",,"28","30",
"Subject to disclaimer at www.sfmta.com/tepdata",,,,,,,,,,,,,,,,,,,,,
